85.000 20.000
83.559 34.632

83.559 34.632
79.291 48.701

79.291 48.701
72.360 61.668

72.360 61.668
63.033 73.033

63.033 73.033
51.668 82.360

51.668 82.360
38.701 89.291

38.701 89.291
24.632 93.559

24.632 93.559
10.000 95.000

10.000 95.000
-4.632 93.559

-4.632 93.559
-18.701 89.291

-18.701 89.291
-31.668 82.360

-31.668 82.360
-43.033 73.033

-43.033 73.033
-52.360 61.668

-52.360 61.668
-59.291 48.701

-59.291 48.701
-63.559 34.632

-63.559 34.632
-65.000 20.000

-65.000 20.000
-63.559 5.368

-63.559 5.368
-59.291 -8.701

-59.291 -8.701
-52.360 -21.668

-52.360 -21.668
-43.033 -33.033

-43.033 -33.033
-31.668 -42.360

-31.668 -42.360
-18.701 -49.291

-18.701 -49.291
-4.632 -53.559

-4.632 -53.559
10.000 -55.000

10.000 -55.000
24.632 -53.559

24.632 -53.559
38.701 -49.291

38.701 -49.291
51.668 -42.360

51.668 -42.360
63.033 -33.033

63.033 -33.033
72.360 -21.668

72.360 -21.668
79.291 -8.701

79.291 -8.701
83.559 5.368

83.559 5.368
85.000 20.000

-36.198 79.465
-50.268 74.649

-50.268 74.649
-63.234 67.981

-63.234 67.981
-74.600 58.586

-74.600 58.586
-83.927 47.541

-83.927 47.541
-90.857 33.952

-90.857 33.952
-95.125 19.850

-95.125 19.850
-96.567 5.286

-96.567 5.286
-95.126 -8.726

-95.126 -8.726
-90.858 -22.176

-90.858 -22.176
-83.927 -35.074

-83.927 -35.074
-74.599 -46.472

-74.599 -46.472
-63.234 -56.422

-63.234 -56.422
-50.268 -63.032

-50.268 -63.032
-36.198 -67.367

-36.198 -67.367
-21.567 -68.546

-21.567 -68.546
-6.935 -67.653

-6.935 -67.653
7.135 -62.837

7.135 -62.837
20.101 -56.169

20.101 -56.169
31.467 -46.774

31.467 -46.774
40.794 -35.729

40.794 -35.729
47.724 -22.140

47.724 -22.140
51.992 -8.038

51.992 -8.038
53.434 6.526

53.434 6.526
51.992 20.538

51.992 20.538
47.724 33.988

47.724 33.988
40.794 46.886

40.794 46.886
31.466 58.284

31.466 58.284
20.101 68.234

20.101 68.234
7.135 74.844

7.135 74.844
-6.935 79.180

-6.935 79.180
-21.566 80.358

-21.566 80.358
-36.198 79.465

-51.006 70.876
-63.972 63.429

-63.972 63.429
-75.337 54.349

-75.337 54.349
-84.665 42.920

-84.665 42.920
-91.595 30.256

-91.595 30.256
-95.863 15.600

-95.863 15.600
-97.304 0.937

-97.304 0.937
-95.864 -13.630

-95.864 -13.630
-91.595 -27.116

-91.595 -27.116
-84.665 -39.499

-84.665 -39.499
-75.338 -50.800

-75.338 -50.800
-63.972 -60.158

-63.972 -60.158
-51.006 -67.675

-51.006 -67.675
-36.936 -71.641

-36.936 -71.641
-22.304 -73.146

-22.304 -73.146
-7.673 -71.458

-7.673 -71.458
6.397 -67.706

6.397 -67.706
19.364 -60.259

19.364 -60.259
30.728 -51.179

30.728 -51.179
40.056 -39.750

40.056 -39.750
46.987 -27.086

46.987 -27.086
51.254 -12.430

51.254 -12.430
52.696 2.233

52.696 2.233
51.255 16.801

51.255 16.801
46.987 30.286

46.987 30.286
40.056 42.669

40.056 42.669
30.729 53.970

30.729 53.970
19.363 63.328

19.363 63.328
6.397 70.846

6.397 70.846
-7.672 74.811

-7.672 74.811
-22.305 76.316

-22.305 76.316
-36.936 74.628

-36.936 74.628
-51.006 70.876

-63.853 59.564
-75.218 49.771

-75.218 49.771
-84.545 38.629

-84.545 38.629
-91.476 25.605

-91.476 25.605
-95.744 11.808

-95.744 11.808
-97.185 -3.352

-97.185 -3.352
-95.744 -18.012

-95.744 -18.012
-91.476 -32.023

-91.476 -32.023
-84.545 -44.464

-84.545 -44.464
-75.218 -55.304

-75.218 -55.304
-63.853 -64.574

-63.853 -64.574
-50.886 -71.532

-50.886 -71.532
-36.817 -76.328

-36.817 -76.328
-22.185 -77.497

-22.185 -77.497
-7.553 -76.114

-7.553 -76.114
6.516 -71.623

6.516 -71.623
19.483 -65.157

19.483 -65.157
30.848 -55.365

30.848 -55.365
40.175 -44.223

40.175 -44.223
47.106 -31.198

47.106 -31.198
51.374 -17.401

51.374 -17.401
52.815 -2.242

52.815 -2.242
51.374 12.418

51.374 12.418
47.106 26.430

47.106 26.430
40.175 38.871

40.175 38.871
30.848 49.711

30.848 49.711
19.483 58.980

19.483 58.980
6.516 65.939

6.516 65.939
-7.553 70.735

-7.553 70.735
-22.185 71.904

-22.185 71.904
-36.817 70.520

-36.817 70.520
-50.886 66.030

-50.886 66.030
-63.853 59.564

-74.246 45.962
-83.574 34.201

-83.574 34.201
-90.504 21.425

-90.504 21.425
-94.772 7.306

-94.772 7.306
-96.213 -7.094

-96.213 -7.094
-94.772 -22.175

-94.772 -22.175
-90.504 -36.268

-90.504 -36.268
-83.574 -49.186

-83.574 -49.186
-74.246 -60.104

-74.246 -60.104
-62.881 -68.985

-62.881 -68.985
-49.915 -75.866

-49.915 -75.866
-35.845 -80.158

-35.845 -80.158
-21.213 -82.048

-21.213 -82.048
-6.582 -80.375

-6.582 -80.375
7.488 -76.156

7.488 -76.156
20.454 -69.036

20.454 -69.036
31.820 -60.104

31.820 -60.104
41.147 -48.343

41.147 -48.343
48.078 -35.567

48.078 -35.567
52.346 -21.448

52.346 -21.448
53.787 -7.048

53.787 -7.048
52.346 8.033

52.346 8.033
48.078 22.126

48.078 22.126
41.147 35.044

41.147 35.044
31.820 45.962

31.820 45.962
20.454 54.842

20.454 54.842
7.488 61.724

7.488 61.724
-6.582 66.015

-6.582 66.015
-21.213 67.906

-21.213 67.906
-35.845 66.233

-35.845 66.233
-49.915 62.014

-49.915 62.014
-62.881 54.894

-62.881 54.894
-74.246 45.962

-81.786 30.594
-88.717 17.317

-88.717 17.317
-92.985 3.397

-92.985 3.397
-94.426 -11.274

-94.426 -11.274
-92.985 -25.724

-92.985 -25.724
-88.717 -40.146

-88.717 -40.146
-81.786 -53.131

-81.786 -53.131
-72.459 -64.458

-72.459 -64.458
-61.094 -73.434

-61.094 -73.434
-48.127 -80.014

-48.127 -80.014
-34.058 -84.243

-34.058 -84.243
-19.426 -85.703

-19.426 -85.703
-4.794 -84.614

-4.794 -84.614
9.275 -80.165

9.275 -80.165
22.242 -73.272

22.242 -73.272
33.607 -63.796

33.607 -63.796
42.934 -52.741

42.934 -52.741
49.865 -39.464

49.865 -39.464
54.133 -25.544

54.133 -25.544
55.574 -10.873

55.574 -10.873
54.133 3.576

54.133 3.576
49.865 17.998

49.865 17.998
42.934 30.984

42.934 30.984
33.607 42.310

33.607 42.310
22.242 51.287

22.242 51.287
9.275 57.866

9.275 57.866
-4.794 62.096

-4.794 62.096
-19.426 63.555

-19.426 63.555
-34.058 62.467

-34.058 62.467
-48.127 58.017

-48.127 58.017
-61.094 51.125

-61.094 51.125
-72.459 41.649

-72.459 41.649
-81.786 30.594

-86.183 14.051
-90.452 -0.233

-90.452 -0.233
-91.892 -14.762

-91.892 -14.762
-90.451 -29.421

-90.451 -29.421
-86.183 -43.365

-86.183 -43.365
-79.253 -56.574

-79.253 -56.574
-69.925 -67.952

-69.925 -67.952
-58.560 -77.253

-58.560 -77.253
-45.594 -83.942

-45.594 -83.942
-31.524 -87.968

-31.524 -87.968
-16.893 -89.382

-16.893 -89.382
-2.260 -87.954

-2.260 -87.954
11.809 -83.929

11.809 -83.929
24.775 -76.873

24.775 -76.873
36.141 -67.572

36.141 -67.572
45.468 -56.105

45.468 -56.105
52.399 -43.352

52.399 -43.352
56.667 -29.068

56.667 -29.068
58.107 -14.540

58.107 -14.540
56.666 0.119

56.666 0.119
52.398 14.063

52.398 14.063
45.468 27.272

45.468 27.272
36.140 38.651

36.140 38.651
24.776 47.951

24.776 47.951
11.809 54.640

11.809 54.640
-2.261 58.666

-2.261 58.666
-16.892 60.081

-16.892 60.081
-31.525 58.652

-31.525 58.652
-45.594 54.628

-45.594 54.628
-58.560 47.572

-58.560 47.572
-69.926 38.271

-69.926 38.271
-79.253 26.803

-79.253 26.803
-86.183 14.051

-87.269 -3.033
-88.710 -17.774

-88.710 -17.774
-87.269 -32.353

-87.269 -32.353
-83.000 -46.437

-83.000 -46.437
-76.070 -59.339

-76.070 -59.339
-66.743 -70.828

-66.743 -70.828
-55.377 -80.162

-55.377 -80.162
-42.411 -87.079

-42.411 -87.079
-28.341 -91.224

-28.341 -91.224
-13.709 -92.542

-13.709 -92.542
0.922 -91.087

0.922 -91.087
14.992 -86.825

14.992 -86.825
27.958 -80.019

27.958 -80.019
39.323 -70.628

39.323 -70.628
48.651 -59.276

48.651 -59.276
55.581 -46.257

55.581 -46.257
59.849 -32.297

59.849 -32.297
61.290 -17.556

61.290 -17.556
59.849 -2.977

59.849 -2.977
55.581 11.107

55.581 11.107
48.651 24.009

48.651 24.009
39.324 35.498

39.324 35.498
27.958 44.832

27.958 44.832
14.992 51.750

14.992 51.750
0.922 55.894

0.922 55.894
-13.710 57.212

-13.710 57.212
-28.341 55.757

-28.341 55.757
-42.411 51.496

-42.411 51.496
-55.377 44.689

-55.377 44.689
-66.742 35.298

-66.742 35.298
-76.070 23.946

-76.070 23.946
-83.001 10.928

-83.001 10.928
-87.269 -3.033

-85.000 -20.000
-83.559 -34.632

-83.559 -34.632
-79.291 -48.701

-79.291 -48.701
-72.360 -61.668

-72.360 -61.668
-63.033 -73.033

-63.033 -73.033
-51.668 -82.360

-51.668 -82.360
-38.701 -89.291

-38.701 -89.291
-24.632 -93.559

-24.632 -93.559
-10.000 -95.000

-10.000 -95.000
4.632 -93.559

4.632 -93.559
18.701 -89.291

18.701 -89.291
31.668 -82.360

31.668 -82.360
43.033 -73.033

43.033 -73.033
52.360 -61.668

52.360 -61.668
59.291 -48.701

59.291 -48.701
63.559 -34.632

63.559 -34.632
65.000 -20.000

65.000 -20.000
63.559 -5.368

63.559 -5.368
59.291 8.701

59.291 8.701
52.360 21.668

52.360 21.668
43.033 33.033

43.033 33.033
31.668 42.360

31.668 42.360
18.701 49.291

18.701 49.291
4.632 53.559

4.632 53.559
-10.000 55.000

-10.000 55.000
-24.632 53.559

-24.632 53.559
-38.701 49.291

-38.701 49.291
-51.668 42.360

-51.668 42.360
-63.033 33.033

-63.033 33.033
-72.360 21.668

-72.360 21.668
-79.291 8.701

-79.291 8.701
-83.559 -5.368

-83.559 -5.368
-85.000 -20.000

-79.465 -36.198
-75.197 -50.159

-75.197 -50.159
-68.266 -63.177

-68.266 -63.177
-58.939 -74.530

-58.939 -74.530
-47.574 -83.920

-47.574 -83.920
-34.608 -90.727

-34.608 -90.727
-20.538 -94.989

-20.538 -94.989
-5.906 -96.443

-5.906 -96.443
8.726 -95.126

8.726 -95.126
22.795 -90.981

22.795 -90.981
35.761 -84.064

35.761 -84.064
47.127 -74.730

47.127 -74.730
56.454 -63.241

56.454 -63.241
63.385 -50.338

63.385 -50.338
67.653 -36.255

67.653 -36.255
69.094 -21.676

69.094 -21.676
67.653 -6.935

67.653 -6.935
63.385 7.026

63.385 7.026
56.454 20.044

56.454 20.044
47.127 31.396

47.127 31.396
35.762 40.787

35.762 40.787
22.795 47.594

22.795 47.594
8.725 51.856

8.725 51.856
-5.906 53.310

-5.906 53.310
-20.538 51.992

-20.538 51.992
-34.608 47.848

-34.608 47.848
-47.574 40.930

-47.574 40.930
-58.939 31.596

-58.939 31.596
-68.266 20.108

-68.266 20.108
-75.197 7.205

-75.197 7.205
-79.465 -6.878

-79.465 -6.878
-80.906 -21.457

-80.906 -21.457
-79.465 -36.198

-70.876 -51.006
-63.945 -63.759

-63.945 -63.759
-54.618 -75.226

-54.618 -75.226
-43.253 -84.527

-43.253 -84.527
-30.286 -91.583

-30.286 -91.583
-16.217 -95.608

-16.217 -95.608
-1.585 -97.036

-1.585 -97.036
13.046 -95.622

13.046 -95.622
27.116 -91.595

27.116 -91.595
40.083 -84.907

40.083 -84.907
51.448 -75.606

51.448 -75.606
60.775 -64.228

60.775 -64.228
67.706 -51.018

67.706 -51.018
71.974 -37.074

71.974 -37.074
73.415 -22.416

73.415 -22.416
71.974 -7.887

71.974 -7.887
67.706 6.397

67.706 6.397
60.775 19.150

60.775 19.150
51.448 30.617

51.448 30.617
40.082 39.918

40.082 39.918
27.116 46.974

27.116 46.974
13.047 50.999

13.047 50.999
-1.585 52.427

-1.585 52.427
-16.217 51.013

-16.217 51.013
-30.286 46.987

-30.286 46.987
-43.253 40.298

-43.253 40.298
-54.618 30.997

-54.618 30.997
-63.945 19.619

-63.945 19.619
-70.876 6.409

-70.876 6.409
-75.144 -7.535

-75.144 -7.535
-76.585 -22.193

-76.585 -22.193
-75.144 -36.722

-75.144 -36.722
-70.876 -51.006

79.465 36.198
75.197 50.159

75.197 50.159
68.266 63.177

68.266 63.177
58.939 74.530

58.939 74.530
47.574 83.920

47.574 83.920
34.608 90.727

34.608 90.727
20.538 94.989

20.538 94.989
5.906 96.443

5.906 96.443
-8.726 95.126

-8.726 95.126
-22.795 90.981

-22.795 90.981
-35.761 84.064

-35.761 84.064
-47.127 74.730

-47.127 74.730
-56.454 63.241

-56.454 63.241
-63.385 50.338

-63.385 50.338
-67.653 36.255

-67.653 36.255
-69.094 21.676

-69.094 21.676
-67.653 6.935

-67.653 6.935
-63.385 -7.026

-63.385 -7.026
-56.454 -20.044

-56.454 -20.044
-47.127 -31.396

-47.127 -31.396
-35.762 -40.787

-35.762 -40.787
-22.795 -47.594

-22.795 -47.594
-8.725 -51.856

-8.725 -51.856
5.906 -53.310

5.906 -53.310
20.538 -51.992

20.538 -51.992
34.608 -47.848

34.608 -47.848
47.574 -40.930

47.574 -40.930
58.939 -31.596

58.939 -31.596
68.266 -20.108

68.266 -20.108
75.197 -7.205

75.197 -7.205
79.465 6.878

79.465 6.878
80.906 21.457

80.906 21.457
79.465 36.198

-59.564 -63.853
-50.236 -74.908

-50.236 -74.908
-38.871 -84.383

-38.871 -84.383
-25.904 -91.276

-25.904 -91.276
-11.835 -95.726

-11.835 -95.726
2.796 -96.814

2.796 -96.814
17.429 -95.354

17.429 -95.354
31.498 -91.125

31.498 -91.125
44.464 -84.545

44.464 -84.545
55.830 -75.569

55.830 -75.569
65.157 -64.242

65.157 -64.242
72.088 -51.257

72.088 -51.257
76.356 -36.835

76.356 -36.835
77.797 -22.385

77.797 -22.385
76.355 -7.715

76.355 -7.715
72.088 6.205

72.088 6.205
65.157 19.483

65.157 19.483
55.830 30.538

55.830 30.538
44.465 40.013

44.465 40.013
31.498 46.906

31.498 46.906
17.428 51.355

17.428 51.355
2.797 52.444

2.797 52.444
-11.835 50.984

-11.835 50.984
-25.904 46.755

-25.904 46.755
-38.871 40.175

-38.871 40.175
-50.237 31.199

-50.237 31.199
-59.563 19.872

-59.563 19.872
-66.494 6.887

-66.494 6.887
-70.762 -7.535

-70.762 -7.535
-72.203 -21.985

-72.203 -21.985
-70.762 -36.655

-70.762 -36.655
-66.494 -50.576

-66.494 -50.576
-59.564 -63.853

-45.962 -74.246
-34.597 -83.178

-34.597 -83.178
-21.630 -90.298

-21.630 -90.298
-7.560 -94.518

-7.560 -94.518
7.071 -96.190

7.071 -96.190
21.703 -94.300

21.703 -94.300
35.773 -90.008

35.773 -90.008
48.739 -83.127

48.739 -83.127
60.104 -74.246

60.104 -74.246
69.432 -63.328

69.432 -63.328
76.362 -50.410

76.362 -50.410
80.630 -36.317

80.630 -36.317
82.071 -21.237

82.071 -21.237
80.630 -6.836

80.630 -6.836
76.362 7.282

76.362 7.282
69.432 20.059

69.432 20.059
60.104 31.820

60.104 31.820
48.739 40.752

48.739 40.752
35.773 47.872

35.773 47.872
21.703 52.091

21.703 52.091
7.071 53.763

7.071 53.763
-7.560 51.873

-7.560 51.873
-21.630 47.582

-21.630 47.582
-34.597 40.700

-34.597 40.700
-45.962 31.820

-45.962 31.820
-55.289 20.901

-55.289 20.901
-62.220 7.984

-62.220 7.984
-66.488 -6.109

-66.488 -6.109
-67.929 -21.190

-67.929 -21.190
-66.488 -35.590

-66.488 -35.590
-62.220 -49.709

-62.220 -49.709
-55.289 -62.486

-55.289 -62.486
-45.962 -74.246

-30.594 -81.786
-17.627 -88.252

-17.627 -88.252
-3.558 -92.743

-3.558 -92.743
11.074 -94.127

11.074 -94.127
25.705 -92.958

25.705 -92.958
39.775 -88.162

39.775 -88.162
52.742 -81.203

52.742 -81.203
64.107 -71.934

64.107 -71.934
73.434 -61.094

73.434 -61.094
80.365 -48.653

80.365 -48.653
84.632 -34.641

84.632 -34.641
86.074 -19.981

86.074 -19.981
84.633 -4.822

84.633 -4.822
80.365 8.976

80.365 8.976
73.434 22.000

73.434 22.000
64.107 33.142

64.107 33.142
52.741 42.934

52.741 42.934
39.775 49.400

39.775 49.400
25.706 53.891

25.706 53.891
11.073 55.275

11.073 55.275
-3.558 54.105

-3.558 54.105
-17.627 49.310

-17.627 49.310
-30.594 42.351

-30.594 42.351
-41.959 33.082

-41.959 33.082
-51.287 22.242

-51.287 22.242
-58.217 9.801

-58.217 9.801
-62.485 -4.211

-62.485 -4.211
-63.926 -18.871

-63.926 -18.871
-62.485 -34.030

-62.485 -34.030
-58.217 -47.828

-58.217 -47.828
-51.286 -60.852

-51.286 -60.852
-41.960 -71.994

-41.960 -71.994
-30.594 -81.786

-14.051 -86.183
0.019 -89.935

0.019 -89.935
14.651 -91.624

14.651 -91.624
29.283 -90.119

29.283 -90.119
43.352 -86.153

43.352 -86.153
56.318 -78.636

56.318 -78.636
67.684 -69.278

67.684 -69.278
77.011 -57.977

77.011 -57.977
83.942 -45.594

83.942 -45.594
88.210 -32.108

88.210 -32.108
89.651 -17.540

89.651 -17.540
88.210 -2.878

88.210 -2.878
83.942 11.778

83.942 11.778
77.011 24.442

77.011 24.442
67.684 35.872

67.684 35.872
56.319 44.951

56.319 44.951
43.352 52.399

43.352 52.399
29.282 56.150

29.282 56.150
14.651 57.839

14.651 57.839
0.019 56.334

0.019 56.334
-14.050 52.368

-14.050 52.368
-27.017 44.851

-27.017 44.851
-38.382 35.493

-38.382 35.493
-47.709 24.192

-47.709 24.192
-54.640 11.809

-54.640 11.809
-58.908 -1.677

-58.908 -1.677
-60.349 -16.245

-60.349 -16.245
-58.908 -30.907

-58.908 -30.907
-54.640 -45.563

-54.640 -45.563
-47.710 -58.227

-47.710 -58.227
-38.382 -69.657

-38.382 -69.657
-27.017 -78.736

-27.017 -78.736
-14.051 -86.183

3.033 -87.269
17.665 -88.162

17.665 -88.162
32.296 -86.983

32.296 -86.983
46.366 -82.647

46.366 -82.647
59.333 -76.038

59.333 -76.038
70.698 -66.088

70.698 -66.088
80.025 -54.690

80.025 -54.690
86.956 -41.791

86.956 -41.791
91.224 -28.341

91.224 -28.341
92.665 -14.329

92.665 -14.329
91.224 0.234

91.224 0.234
86.956 14.337

86.956 14.337
80.025 27.926

80.025 27.926
70.698 38.970

70.698 38.970
59.332 48.365

59.332 48.365
46.366 55.033

46.366 55.033
32.297 59.849

32.297 59.849
17.665 60.742

17.665 60.742
3.033 59.564

3.033 59.564
-11.037 55.228

-11.037 55.228
-24.003 48.618

-24.003 48.618
-35.368 38.668

-35.368 38.668
-44.696 27.270

-44.696 27.270
-51.626 14.372

-51.626 14.372
-55.894 0.922

-55.894 0.922
-57.335 -13.090

-57.335 -13.090
-55.894 -27.654

-55.894 -27.654
-51.626 -41.756

-51.626 -41.756
-44.695 -55.345

-44.695 -55.345
-35.368 -66.389

-35.368 -66.389
-24.003 -75.785

-24.003 -75.785
-11.037 -82.452

-11.037 -82.452
3.033 -87.269

20.000 -85.000
34.632 -83.000

34.632 -83.000
48.701 -79.000

48.701 -79.000
61.668 -72.000

61.668 -72.000
73.033 -63.000

73.033 -63.000
82.360 -51.000

82.360 -51.000
89.291 -38.000

89.291 -38.000
93.559 -24.000

93.559 -24.000
95.000 -10.000

95.000 -10.000
93.559 4.000

93.559 4.000
89.291 18.000

89.291 18.000
82.360 31.000

82.360 31.000
73.033 43.000

73.033 43.000
61.668 52.000

61.668 52.000
48.701 59.000

48.701 59.000
34.632 63.000

34.632 63.000
20.000 65.000

20.000 65.000
5.368 63.000

5.368 63.000
-8.701 59.000

-8.701 59.000
-21.668 52.000

-21.668 52.000
-33.033 43.000

-33.033 43.000
-42.360 31.000

-42.360 31.000
-49.291 18.000

-49.291 18.000
-53.559 4.000

-53.559 4.000
-55.000 -10.000

-55.000 -10.000
-53.559 -24.000

-53.559 -24.000
-49.291 -38.000

-49.291 -38.000
-42.360 -51.000

-42.360 -51.000
-33.033 -63.000

-33.033 -63.000
-21.668 -72.000

-21.668 -72.000
-8.701 -79.000

-8.701 -79.000
5.368 -83.000

5.368 -83.000
20.000 -85.000

36.198 -79.465
50.268 -74.649

50.268 -74.649
63.234 -67.981

63.234 -67.981
74.600 -58.586

74.600 -58.586
83.927 -47.541

83.927 -47.541
90.857 -33.952

90.857 -33.952
95.125 -19.850

95.125 -19.850
96.567 -5.286

96.567 -5.286
95.126 8.726

95.126 8.726
90.858 22.176

90.858 22.176
83.927 35.074

83.927 35.074
74.599 46.472

74.599 46.472
63.234 56.422

63.234 56.422
50.268 63.032

50.268 63.032
36.198 67.367

36.198 67.367
21.567 68.546

21.567 68.546
6.935 67.653

6.935 67.653
-7.135 62.837

-7.135 62.837
-20.101 56.169

-20.101 56.169
-31.467 46.774

-31.467 46.774
-40.794 35.729

-40.794 35.729
-47.724 22.140

-47.724 22.140
-51.992 8.038

-51.992 8.038
-53.434 -6.526

-53.434 -6.526
-51.992 -20.538

-51.992 -20.538
-47.724 -33.988

-47.724 -33.988
-40.794 -46.886

-40.794 -46.886
-31.466 -58.284

-31.466 -58.284
-20.101 -68.234

-20.101 -68.234
-7.135 -74.844

-7.135 -74.844
6.935 -79.180

6.935 -79.180
21.566 -80.358

21.566 -80.358
36.198 -79.465

51.006 -70.876
63.972 -63.429

63.972 -63.429
75.337 -54.349

75.337 -54.349
84.665 -42.920

84.665 -42.920
91.595 -30.256

91.595 -30.256
95.863 -15.600

95.863 -15.600
97.304 -0.937

97.304 -0.937
95.864 13.630

95.864 13.630
91.595 27.116

91.595 27.116
84.665 39.499

84.665 39.499
75.338 50.800

75.338 50.800
63.972 60.158

63.972 60.158
51.006 67.675

51.006 67.675
36.936 71.641

36.936 71.641
22.304 73.146

22.304 73.146
7.673 71.458

7.673 71.458
-6.397 67.706

-6.397 67.706
-19.364 60.259

-19.364 60.259
-30.728 51.179

-30.728 51.179
-40.056 39.750

-40.056 39.750
-46.987 27.086

-46.987 27.086
-51.254 12.430

-51.254 12.430
-52.696 -2.233

-52.696 -2.233
-51.255 -16.801

-51.255 -16.801
-46.987 -30.286

-46.987 -30.286
-40.056 -42.669

-40.056 -42.669
-30.729 -53.970

-30.729 -53.970
-19.363 -63.328

-19.363 -63.328
-6.397 -70.846

-6.397 -70.846
7.672 -74.811

7.672 -74.811
22.305 -76.316

22.305 -76.316
36.936 -74.628

36.936 -74.628
51.006 -70.876

63.853 -59.564
75.218 -49.771

75.218 -49.771
84.545 -38.629

84.545 -38.629
91.476 -25.605

91.476 -25.605
95.744 -11.808

95.744 -11.808
97.185 3.352

97.185 3.352
95.744 18.012

95.744 18.012
91.476 32.023

91.476 32.023
84.545 44.464

84.545 44.464
75.218 55.304

75.218 55.304
63.853 64.574

63.853 64.574
50.886 71.532

50.886 71.532
36.817 76.328

36.817 76.328
22.185 77.497

22.185 77.497
7.553 76.114

7.553 76.114
-6.516 71.623

-6.516 71.623
-19.483 65.157

-19.483 65.157
-30.848 55.365

-30.848 55.365
-40.175 44.223

-40.175 44.223
-47.106 31.198

-47.106 31.198
-51.374 17.401

-51.374 17.401
-52.815 2.242

-52.815 2.242
-51.374 -12.418

-51.374 -12.418
-47.106 -26.430

-47.106 -26.430
-40.175 -38.871

-40.175 -38.871
-30.848 -49.711

-30.848 -49.711
-19.483 -58.980

-19.483 -58.980
-6.516 -65.939

-6.516 -65.939
7.553 -70.735

7.553 -70.735
22.185 -71.904

22.185 -71.904
36.817 -70.520

36.817 -70.520
50.886 -66.030

50.886 -66.030
63.853 -59.564

74.246 -45.962
83.574 -34.201

83.574 -34.201
90.504 -21.425

90.504 -21.425
94.772 -7.306

94.772 -7.306
96.213 7.094

96.213 7.094
94.772 22.175

94.772 22.175
90.504 36.268

90.504 36.268
83.574 49.186

83.574 49.186
74.246 60.104

74.246 60.104
62.881 68.985

62.881 68.985
49.915 75.866

49.915 75.866
35.845 80.158

35.845 80.158
21.213 82.048

21.213 82.048
6.582 80.375

6.582 80.375
-7.488 76.156

-7.488 76.156
-20.454 69.036

-20.454 69.036
-31.820 60.104

-31.820 60.104
-41.147 48.343

-41.147 48.343
-48.078 35.567

-48.078 35.567
-52.346 21.448

-52.346 21.448
-53.787 7.048

-53.787 7.048
-52.346 -8.033

-52.346 -8.033
-48.078 -22.126

-48.078 -22.126
-41.147 -35.044

-41.147 -35.044
-31.820 -45.962

-31.820 -45.962
-20.454 -54.842

-20.454 -54.842
-7.488 -61.724

-7.488 -61.724
6.582 -66.015

6.582 -66.015
21.213 -67.906

21.213 -67.906
35.845 -66.233

35.845 -66.233
49.915 -62.014

49.915 -62.014
62.881 -54.894

62.881 -54.894
74.246 -45.962

70.876 51.006
63.945 63.759

63.945 63.759
54.618 75.226

54.618 75.226
43.253 84.527

43.253 84.527
30.286 91.583

30.286 91.583
16.217 95.608

16.217 95.608
1.585 97.036

1.585 97.036
-13.046 95.622

-13.046 95.622
-27.116 91.595

-27.116 91.595
-40.083 84.907

-40.083 84.907
-51.448 75.606

-51.448 75.606
-60.775 64.228

-60.775 64.228
-67.706 51.018

-67.706 51.018
-71.974 37.074

-71.974 37.074
-73.415 22.416

-73.415 22.416
-71.974 7.887

-71.974 7.887
-67.706 -6.397

-67.706 -6.397
-60.775 -19.150

-60.775 -19.150
-51.448 -30.617

-51.448 -30.617
-40.082 -39.918

-40.082 -39.918
-27.116 -46.974

-27.116 -46.974
-13.047 -50.999

-13.047 -50.999
1.585 -52.427

1.585 -52.427
16.217 -51.013

16.217 -51.013
30.286 -46.987

30.286 -46.987
43.253 -40.298

43.253 -40.298
54.618 -30.997

54.618 -30.997
63.945 -19.619

63.945 -19.619
70.876 -6.409

70.876 -6.409
75.144 7.535

75.144 7.535
76.585 22.193

76.585 22.193
75.144 36.722

75.144 36.722
70.876 51.006

81.786 -30.594
88.717 -17.317

88.717 -17.317
92.985 -3.397

92.985 -3.397
94.426 11.274

94.426 11.274
92.985 25.724

92.985 25.724
88.717 40.146

88.717 40.146
81.786 53.131

81.786 53.131
72.459 64.458

72.459 64.458
61.094 73.434

61.094 73.434
48.127 80.014

48.127 80.014
34.058 84.243

34.058 84.243
19.426 85.703

19.426 85.703
4.794 84.614

4.794 84.614
-9.275 80.165

-9.275 80.165
-22.242 73.272

-22.242 73.272
-33.607 63.796

-33.607 63.796
-42.934 52.741

-42.934 52.741
-49.865 39.464

-49.865 39.464
-54.133 25.544

-54.133 25.544
-55.574 10.873

-55.574 10.873
-54.133 -3.576

-54.133 -3.576
-49.865 -17.998

-49.865 -17.998
-42.934 -30.984

-42.934 -30.984
-33.607 -42.310

-33.607 -42.310
-22.242 -51.287

-22.242 -51.287
-9.275 -57.866

-9.275 -57.866
4.794 -62.096

4.794 -62.096
19.426 -63.555

19.426 -63.555
34.058 -62.467

34.058 -62.467
48.127 -58.017

48.127 -58.017
61.094 -51.125

61.094 -51.125
72.459 -41.649

72.459 -41.649
81.786 -30.594

86.183 -14.051
90.452 0.233

90.452 0.233
91.892 14.762

91.892 14.762
90.451 29.421

90.451 29.421
86.183 43.365

86.183 43.365
79.253 56.574

79.253 56.574
69.925 67.952

69.925 67.952
58.560 77.253

58.560 77.253
45.594 83.942

45.594 83.942
31.524 87.968

31.524 87.968
16.893 89.382

16.893 89.382
2.260 87.954

2.260 87.954
-11.809 83.929

-11.809 83.929
-24.775 76.873

-24.775 76.873
-36.141 67.572

-36.141 67.572
-45.468 56.105

-45.468 56.105
-52.399 43.352

-52.399 43.352
-56.667 29.068

-56.667 29.068
-58.107 14.540

-58.107 14.540
-56.666 -0.119

-56.666 -0.119
-52.398 -14.063

-52.398 -14.063
-45.468 -27.272

-45.468 -27.272
-36.140 -38.651

-36.140 -38.651
-24.776 -47.951

-24.776 -47.951
-11.809 -54.640

-11.809 -54.640
2.261 -58.666

2.261 -58.666
16.892 -60.081

16.892 -60.081
31.525 -58.652

31.525 -58.652
45.594 -54.628

45.594 -54.628
58.560 -47.572

58.560 -47.572
69.926 -38.271

69.926 -38.271
79.253 -26.803

79.253 -26.803
86.183 -14.051

87.269 3.033
88.710 17.774

88.710 17.774
87.269 32.353

87.269 32.353
83.000 46.437

83.000 46.437
76.070 59.339

76.070 59.339
66.743 70.828

66.743 70.828
55.377 80.162

55.377 80.162
42.411 87.079

42.411 87.079
28.341 91.224

28.341 91.224
13.709 92.542

13.709 92.542
-0.922 91.087

-0.922 91.087
-14.992 86.825

-14.992 86.825
-27.958 80.019

-27.958 80.019
-39.323 70.628

-39.323 70.628
-48.651 59.276

-48.651 59.276
-55.581 46.257

-55.581 46.257
-59.849 32.297

-59.849 32.297
-61.290 17.556

-61.290 17.556
-59.849 2.977

-59.849 2.977
-55.581 -11.107

-55.581 -11.107
-48.651 -24.009

-48.651 -24.009
-39.324 -35.498

-39.324 -35.498
-27.958 -44.832

-27.958 -44.832
-14.992 -51.750

-14.992 -51.750
-0.922 -55.894

-0.922 -55.894
13.710 -57.212

13.710 -57.212
28.341 -55.757

28.341 -55.757
42.411 -51.496

42.411 -51.496
55.377 -44.689

55.377 -44.689
66.742 -35.298

66.742 -35.298
76.070 -23.946

76.070 -23.946
83.001 -10.928

83.001 -10.928
87.269 3.033

59.564 63.853
50.236 74.908

50.236 74.908
38.871 84.383

38.871 84.383
25.904 91.276

25.904 91.276
11.835 95.726

11.835 95.726
-2.796 96.814

-2.796 96.814
-17.429 95.354

-17.429 95.354
-31.498 91.125

-31.498 91.125
-44.464 84.545

-44.464 84.545
-55.830 75.569

-55.830 75.569
-65.157 64.242

-65.157 64.242
-72.088 51.257

-72.088 51.257
-76.356 36.835

-76.356 36.835
-77.797 22.385

-77.797 22.385
-76.355 7.715

-76.355 7.715
-72.088 -6.205

-72.088 -6.205
-65.157 -19.483

-65.157 -19.483
-55.830 -30.538

-55.830 -30.538
-44.465 -40.013

-44.465 -40.013
-31.498 -46.906

-31.498 -46.906
-17.428 -51.355

-17.428 -51.355
-2.797 -52.444

-2.797 -52.444
11.835 -50.984

11.835 -50.984
25.904 -46.755

25.904 -46.755
38.871 -40.175

38.871 -40.175
50.237 -31.199

50.237 -31.199
59.563 -19.872

59.563 -19.872
66.494 -6.887

66.494 -6.887
70.762 7.535

70.762 7.535
72.203 21.985

72.203 21.985
70.762 36.655

70.762 36.655
66.494 50.576

66.494 50.576
59.564 63.853

45.962 74.246
34.597 83.178

34.597 83.178
21.630 90.298

21.630 90.298
7.560 94.518

7.560 94.518
-7.071 96.190

-7.071 96.190
-21.703 94.300

-21.703 94.300
-35.773 90.008

-35.773 90.008
-48.739 83.127

-48.739 83.127
-60.104 74.246

-60.104 74.246
-69.432 63.328

-69.432 63.328
-76.362 50.410

-76.362 50.410
-80.630 36.317

-80.630 36.317
-82.071 21.237

-82.071 21.237
-80.630 6.836

-80.630 6.836
-76.362 -7.282

-76.362 -7.282
-69.432 -20.059

-69.432 -20.059
-60.104 -31.820

-60.104 -31.820
-48.739 -40.752

-48.739 -40.752
-35.773 -47.872

-35.773 -47.872
-21.703 -52.091

-21.703 -52.091
-7.071 -53.763

-7.071 -53.763
7.560 -51.873

7.560 -51.873
21.630 -47.582

21.630 -47.582
34.597 -40.700

34.597 -40.700
45.962 -31.820

45.962 -31.820
55.289 -20.901

55.289 -20.901
62.220 -7.984

62.220 -7.984
66.488 6.109

66.488 6.109
67.929 21.190

67.929 21.190
66.488 35.590

66.488 35.590
62.220 49.709

62.220 49.709
55.289 62.486

55.289 62.486
45.962 74.246

30.594 81.786
17.627 88.252

17.627 88.252
3.558 92.743

3.558 92.743
-11.074 94.127

-11.074 94.127
-25.705 92.958

-25.705 92.958
-39.775 88.162

-39.775 88.162
-52.742 81.203

-52.742 81.203
-64.107 71.934

-64.107 71.934
-73.434 61.094

-73.434 61.094
-80.365 48.653

-80.365 48.653
-84.632 34.641

-84.632 34.641
-86.074 19.981

-86.074 19.981
-84.633 4.822

-84.633 4.822
-80.365 -8.976

-80.365 -8.976
-73.434 -22.000

-73.434 -22.000
-64.107 -33.142

-64.107 -33.142
-52.741 -42.934

-52.741 -42.934
-39.775 -49.400

-39.775 -49.400
-25.706 -53.891

-25.706 -53.891
-11.073 -55.275

-11.073 -55.275
3.558 -54.105

3.558 -54.105
17.627 -49.310

17.627 -49.310
30.594 -42.351

30.594 -42.351
41.959 -33.082

41.959 -33.082
51.287 -22.242

51.287 -22.242
58.217 -9.801

58.217 -9.801
62.485 4.211

62.485 4.211
63.926 18.871

63.926 18.871
62.485 34.030

62.485 34.030
58.217 47.828

58.217 47.828
51.286 60.852

51.286 60.852
41.960 71.994

41.960 71.994
30.594 81.786

14.051 86.183
-0.019 89.935

-0.019 89.935
-14.651 91.624

-14.651 91.624
-29.283 90.119

-29.283 90.119
-43.352 86.153

-43.352 86.153
-56.318 78.636

-56.318 78.636
-67.684 69.278

-67.684 69.278
-77.011 57.977

-77.011 57.977
-83.942 45.594

-83.942 45.594
-88.210 32.108

-88.210 32.108
-89.651 17.540

-89.651 17.540
-88.210 2.878

-88.210 2.878
-83.942 -11.778

-83.942 -11.778
-77.011 -24.442

-77.011 -24.442
-67.684 -35.872

-67.684 -35.872
-56.319 -44.951

-56.319 -44.951
-43.352 -52.399

-43.352 -52.399
-29.282 -56.150

-29.282 -56.150
-14.651 -57.839

-14.651 -57.839
-0.019 -56.334

-0.019 -56.334
14.050 -52.368

14.050 -52.368
27.017 -44.851

27.017 -44.851
38.382 -35.493

38.382 -35.493
47.709 -24.192

47.709 -24.192
54.640 -11.809

54.640 -11.809
58.908 1.677

58.908 1.677
60.349 16.245

60.349 16.245
58.908 30.907

58.908 30.907
54.640 45.563

54.640 45.563
47.710 58.227

47.710 58.227
38.382 69.657

38.382 69.657
27.017 78.736

27.017 78.736
14.051 86.183

-3.033 87.269
-17.665 88.162

-17.665 88.162
-32.296 86.983

-32.296 86.983
-46.366 82.647

-46.366 82.647
-59.333 76.038

-59.333 76.038
-70.698 66.088

-70.698 66.088
-80.025 54.690

-80.025 54.690
-86.956 41.791

-86.956 41.791
-91.224 28.341

-91.224 28.341
-92.665 14.329

-92.665 14.329
-91.224 -0.234

-91.224 -0.234
-86.956 -14.337

-86.956 -14.337
-80.025 -27.926

-80.025 -27.926
-70.698 -38.970

-70.698 -38.970
-59.332 -48.365

-59.332 -48.365
-46.366 -55.033

-46.366 -55.033
-32.297 -59.849

-32.297 -59.849
-17.665 -60.742

-17.665 -60.742
-3.033 -59.564

-3.033 -59.564
11.037 -55.228

11.037 -55.228
24.003 -48.618

24.003 -48.618
35.368 -38.668

35.368 -38.668
44.696 -27.270

44.696 -27.270
51.626 -14.372

51.626 -14.372
55.894 -0.922

55.894 -0.922
57.335 13.090

57.335 13.090
55.894 27.654

55.894 27.654
51.626 41.756

51.626 41.756
44.695 55.345

44.695 55.345
35.368 66.389

35.368 66.389
24.003 75.785

24.003 75.785
11.037 82.452

11.037 82.452
-3.033 87.269

-20.000 85.000
-34.632 83.000

-34.632 83.000
-48.701 79.000

-48.701 79.000
-61.668 72.000

-61.668 72.000
-73.033 63.000

-73.033 63.000
-82.360 51.000

-82.360 51.000
-89.291 38.000

-89.291 38.000
-93.559 24.000

-93.559 24.000
-95.000 10.000

-95.000 10.000
-93.559 -4.000

-93.559 -4.000
-89.291 -18.000

-89.291 -18.000
-82.360 -31.000

-82.360 -31.000
-73.033 -43.000

-73.033 -43.000
-61.668 -52.000

-61.668 -52.000
-48.701 -59.000

-48.701 -59.000
-34.632 -63.000

-34.632 -63.000
-20.000 -65.000

-20.000 -65.000
-5.368 -63.000

-5.368 -63.000
8.701 -59.000

8.701 -59.000
21.668 -52.000

21.668 -52.000
33.033 -43.000

33.033 -43.000
42.360 -31.000

42.360 -31.000
49.291 -18.000

49.291 -18.000
53.559 -4.000

53.559 -4.000
55.000 10.000

55.000 10.000
53.559 24.000

53.559 24.000
49.291 38.000

49.291 38.000
42.360 51.000

42.360 51.000
33.033 63.000

33.033 63.000
21.668 72.000

21.668 72.000
8.701 79.000

8.701 79.000
-5.368 83.000

-5.368 83.000
-20.000 85.000

