-75.000 -75.000
75.000 -75.000

75.000 -75.000
75.000 75.000

75.000 75.000
-75.000 75.000

-75.000 75.000
-75.000 -75.000

-150.000 -150.000
150.000 -150.000

150.000 -150.000
150.000 150.000

150.000 150.000
-150.000 150.000

-150.000 150.000
-150.000 -150.000

-225.000 -225.000
225.000 -225.000

225.000 -225.000
225.000 225.000

225.000 225.000
-225.000 225.000

-225.000 225.000
-225.000 -225.000

-300.000 -300.000
300.000 -300.000

300.000 -300.000
300.000 300.000

300.000 300.000
-300.000 300.000

-300.000 300.000
-300.000 -300.000

