85.000 20.000
83.559 34.632

83.559 34.632
79.291 48.701

79.291 48.701
72.360 61.668

72.360 61.668
63.033 73.033

63.033 73.033
51.668 82.360

51.668 82.360
38.701 89.291

38.701 89.291
24.632 93.559

24.632 93.559
10.000 95.000

10.000 95.000
-4.632 93.559

-4.632 93.559
-18.701 89.291

-18.701 89.291
-31.668 82.360

-31.668 82.360
-43.033 73.033

-43.033 73.033
-52.360 61.668

-52.360 61.668
-59.291 48.701

-59.291 48.701
-63.559 34.632

-63.559 34.632
-65.000 20.000

-65.000 20.000
-63.559 5.368

-63.559 5.368
-59.291 -8.701

-59.291 -8.701
-52.360 -21.668

-52.360 -21.668
-43.033 -33.033

-43.033 -33.033
-31.668 -42.360

-31.668 -42.360
-18.701 -49.291

-18.701 -49.291
-4.632 -53.559

-4.632 -53.559
10.000 -55.000

10.000 -55.000
24.632 -53.559

24.632 -53.559
38.701 -49.291

38.701 -49.291
51.668 -42.360

51.668 -42.360
63.033 -33.033

63.033 -33.033
72.360 -21.668

72.360 -21.668
79.291 -8.701

79.291 -8.701
83.559 5.368

83.559 5.368
85.000 20.000

-36.198 79.465
-50.268 75.197

-50.268 75.197
-63.234 68.266

-63.234 68.266
-74.600 58.939

-74.600 58.939
-83.927 47.574

-83.927 47.574
-90.857 34.608

-90.857 34.608
-95.125 20.538

-95.125 20.538
-96.567 5.906

-96.567 5.906
-95.126 -8.726

-95.126 -8.726
-90.858 -22.795

-90.858 -22.795
-83.927 -35.761

-83.927 -35.761
-74.599 -47.127

-74.599 -47.127
-63.234 -56.454

-63.234 -56.454
-50.268 -63.385

-50.268 -63.385
-36.198 -67.653

-36.198 -67.653
-21.567 -69.094

-21.567 -69.094
-6.935 -67.653

-6.935 -67.653
7.135 -63.385

7.135 -63.385
20.101 -56.454

20.101 -56.454
31.467 -47.127

31.467 -47.127
40.794 -35.762

40.794 -35.762
47.724 -22.795

47.724 -22.795
51.992 -8.725

51.992 -8.725
53.434 5.906

53.434 5.906
51.992 20.538

51.992 20.538
47.724 34.608

47.724 34.608
40.794 47.574

40.794 47.574
31.466 58.939

31.466 58.939
20.101 68.266

20.101 68.266
7.135 75.197

7.135 75.197
-6.935 79.465

-6.935 79.465
-21.566 80.906

-21.566 80.906
-36.198 79.465

-51.006 70.876
-63.972 63.945

-63.972 63.945
-75.337 54.618

-75.337 54.618
-84.665 43.253

-84.665 43.253
-91.595 30.286

-91.595 30.286
-95.863 16.217

-95.863 16.217
-97.304 1.585

-97.304 1.585
-95.864 -13.046

-95.864 -13.046
-91.595 -27.116

-91.595 -27.116
-84.665 -40.083

-84.665 -40.083
-75.338 -51.448

-75.338 -51.448
-63.972 -60.775

-63.972 -60.775
-51.006 -67.706

-51.006 -67.706
-36.936 -71.974

-36.936 -71.974
-22.304 -73.415

-22.304 -73.415
-7.673 -71.974

-7.673 -71.974
6.397 -67.706

6.397 -67.706
19.364 -60.775

19.364 -60.775
30.728 -51.448

30.728 -51.448
40.056 -40.082

40.056 -40.082
46.987 -27.116

46.987 -27.116
51.254 -13.047

51.254 -13.047
52.696 1.585

52.696 1.585
51.255 16.217

51.255 16.217
46.987 30.286

46.987 30.286
40.056 43.253

40.056 43.253
30.729 54.618

30.729 54.618
19.363 63.945

19.363 63.945
6.397 70.876

6.397 70.876
-7.672 75.144

-7.672 75.144
-22.305 76.585

-22.305 76.585
-36.936 75.144

-36.936 75.144
-51.006 70.876

-63.853 59.564
-75.218 50.236

-75.218 50.236
-84.545 38.871

-84.545 38.871
-91.476 25.904

-91.476 25.904
-95.744 11.835

-95.744 11.835
-97.185 -2.796

-97.185 -2.796
-95.744 -17.429

-95.744 -17.429
-91.476 -31.498

-91.476 -31.498
-84.545 -44.464

-84.545 -44.464
-75.218 -55.830

-75.218 -55.830
-63.853 -65.157

-63.853 -65.157
-50.886 -72.088

-50.886 -72.088
-36.817 -76.356

-36.817 -76.356
-22.185 -77.797

-22.185 -77.797
-7.553 -76.355

-7.553 -76.355
6.516 -72.088

6.516 -72.088
19.483 -65.157

19.483 -65.157
30.848 -55.830

30.848 -55.830
40.175 -44.465

40.175 -44.465
47.106 -31.498

47.106 -31.498
51.374 -17.428

51.374 -17.428
52.815 -2.797

52.815 -2.797
51.374 11.835

51.374 11.835
47.106 25.904

47.106 25.904
40.175 38.871

40.175 38.871
30.848 50.237

30.848 50.237
19.483 59.563

19.483 59.563
6.516 66.494

6.516 66.494
-7.553 70.762

-7.553 70.762
-22.185 72.203

-22.185 72.203
-36.817 70.762

-36.817 70.762
-50.886 66.494

-50.886 66.494
-63.853 59.564

-74.246 45.962
-83.574 34.597

-83.574 34.597
-90.504 21.630

-90.504 21.630
-94.772 7.560

-94.772 7.560
-96.213 -7.071

-96.213 -7.071
-94.772 -21.703

-94.772 -21.703
-90.504 -35.773

-90.504 -35.773
-83.574 -48.739

-83.574 -48.739
-74.246 -60.104

-74.246 -60.104
-62.881 -69.432

-62.881 -69.432
-49.915 -76.362

-49.915 -76.362
-35.845 -80.630

-35.845 -80.630
-21.213 -82.071

-21.213 -82.071
-6.582 -80.630

-6.582 -80.630
7.488 -76.362

7.488 -76.362
20.454 -69.432

20.454 -69.432
31.820 -60.104

31.820 -60.104
41.147 -48.739

41.147 -48.739
48.078 -35.773

48.078 -35.773
52.346 -21.703

52.346 -21.703
53.787 -7.071

53.787 -7.071
52.346 7.560

52.346 7.560
48.078 21.630

48.078 21.630
41.147 34.597

41.147 34.597
31.820 45.962

31.820 45.962
20.454 55.289

20.454 55.289
7.488 62.220

7.488 62.220
-6.582 66.488

-6.582 66.488
-21.213 67.929

-21.213 67.929
-35.845 66.488

-35.845 66.488
-49.915 62.220

-49.915 62.220
-62.881 55.289

-62.881 55.289
-74.246 45.962

-81.786 30.594
-88.717 17.627

-88.717 17.627
-92.985 3.558

-92.985 3.558
-94.426 -11.074

-94.426 -11.074
-92.985 -25.705

-92.985 -25.705
-88.717 -39.775

-88.717 -39.775
-81.786 -52.742

-81.786 -52.742
-72.459 -64.107

-72.459 -64.107
-61.094 -73.434

-61.094 -73.434
-48.127 -80.365

-48.127 -80.365
-34.058 -84.632

-34.058 -84.632
-19.426 -86.074

-19.426 -86.074
-4.794 -84.633

-4.794 -84.633
9.275 -80.365

9.275 -80.365
22.242 -73.434

22.242 -73.434
33.607 -64.107

33.607 -64.107
42.934 -52.741

42.934 -52.741
49.865 -39.775

49.865 -39.775
54.133 -25.706

54.133 -25.706
55.574 -11.073

55.574 -11.073
54.133 3.558

54.133 3.558
49.865 17.627

49.865 17.627
42.934 30.594

42.934 30.594
33.607 41.959

33.607 41.959
22.242 51.287

22.242 51.287
9.275 58.217

9.275 58.217
-4.794 62.485

-4.794 62.485
-19.426 63.926

-19.426 63.926
-34.058 62.485

-34.058 62.485
-48.127 58.217

-48.127 58.217
-61.094 51.286

-61.094 51.286
-72.459 41.960

-72.459 41.960
-81.786 30.594

-86.183 14.051
-90.452 -0.019

-90.452 -0.019
-91.892 -14.651

-91.892 -14.651
-90.451 -29.283

-90.451 -29.283
-86.183 -43.352

-86.183 -43.352
-79.253 -56.318

-79.253 -56.318
-69.925 -67.684

-69.925 -67.684
-58.560 -77.011

-58.560 -77.011
-45.594 -83.942

-45.594 -83.942
-31.524 -88.210

-31.524 -88.210
-16.893 -89.651

-16.893 -89.651
-2.260 -88.210

-2.260 -88.210
11.809 -83.942

11.809 -83.942
24.775 -77.011

24.775 -77.011
36.141 -67.684

36.141 -67.684
45.468 -56.319

45.468 -56.319
52.399 -43.352

52.399 -43.352
56.667 -29.282

56.667 -29.282
58.107 -14.651

58.107 -14.651
56.666 -0.019

56.666 -0.019
52.398 14.050

52.398 14.050
45.468 27.017

45.468 27.017
36.140 38.382

36.140 38.382
24.776 47.709

24.776 47.709
11.809 54.640

11.809 54.640
-2.261 58.908

-2.261 58.908
-16.892 60.349

-16.892 60.349
-31.525 58.908

-31.525 58.908
-45.594 54.640

-45.594 54.640
-58.560 47.710

-58.560 47.710
-69.926 38.382

-69.926 38.382
-79.253 27.017

-79.253 27.017
-86.183 14.051

-87.269 -3.033
-88.710 -17.665

-88.710 -17.665
-87.269 -32.296

-87.269 -32.296
-83.000 -46.366

-83.000 -46.366
-76.070 -59.333

-76.070 -59.333
-66.743 -70.698

-66.743 -70.698
-55.377 -80.025

-55.377 -80.025
-42.411 -86.956

-42.411 -86.956
-28.341 -91.224

-28.341 -91.224
-13.709 -92.665

-13.709 -92.665
0.922 -91.224

0.922 -91.224
14.992 -86.956

14.992 -86.956
27.958 -80.025

27.958 -80.025
39.323 -70.698

39.323 -70.698
48.651 -59.332

48.651 -59.332
55.581 -46.366

55.581 -46.366
59.849 -32.297

59.849 -32.297
61.290 -17.665

61.290 -17.665
59.849 -3.033

59.849 -3.033
55.581 11.037

55.581 11.037
48.651 24.003

48.651 24.003
39.324 35.368

39.324 35.368
27.958 44.696

27.958 44.696
14.992 51.626

14.992 51.626
0.922 55.894

0.922 55.894
-13.710 57.335

-13.710 57.335
-28.341 55.894

-28.341 55.894
-42.411 51.626

-42.411 51.626
-55.377 44.695

-55.377 44.695
-66.742 35.368

-66.742 35.368
-76.070 24.003

-76.070 24.003
-83.001 11.037

-83.001 11.037
-87.269 -3.033

-85.000 -20.000
-83.559 -34.632

-83.559 -34.632
-79.291 -48.701

-79.291 -48.701
-72.360 -61.668

-72.360 -61.668
-63.033 -73.033

-63.033 -73.033
-51.668 -82.360

-51.668 -82.360
-38.701 -89.291

-38.701 -89.291
-24.632 -93.559

-24.632 -93.559
-10.000 -95.000

-10.000 -95.000
4.632 -93.559

4.632 -93.559
18.701 -89.291

18.701 -89.291
31.668 -82.360

31.668 -82.360
43.033 -73.033

43.033 -73.033
52.360 -61.668

52.360 -61.668
59.291 -48.701

59.291 -48.701
63.559 -34.632

63.559 -34.632
65.000 -20.000

65.000 -20.000
63.559 -5.368

63.559 -5.368
59.291 8.701

59.291 8.701
52.360 21.668

52.360 21.668
43.033 33.033

43.033 33.033
31.668 42.360

31.668 42.360
18.701 49.291

18.701 49.291
4.632 53.559

4.632 53.559
-10.000 55.000

-10.000 55.000
-24.632 53.559

-24.632 53.559
-38.701 49.291

-38.701 49.291
-51.668 42.360

-51.668 42.360
-63.033 33.033

-63.033 33.033
-72.360 21.668

-72.360 21.668
-79.291 8.701

-79.291 8.701
-83.559 -5.368

-83.559 -5.368
-85.000 -20.000

-79.465 -36.198
-75.197 -50.268

-75.197 -50.268
-68.266 -63.234

-68.266 -63.234
-58.939 -74.600

-58.939 -74.600
-47.574 -83.927

-47.574 -83.927
-34.608 -90.857

-34.608 -90.857
-20.538 -95.125

-20.538 -95.125
-5.906 -96.567

-5.906 -96.567
8.726 -95.126

8.726 -95.126
22.795 -90.858

22.795 -90.858
35.761 -83.927

35.761 -83.927
47.127 -74.599

47.127 -74.599
56.454 -63.234

56.454 -63.234
63.385 -50.268

63.385 -50.268
67.653 -36.198

67.653 -36.198
69.094 -21.567

69.094 -21.567
67.653 -6.935

67.653 -6.935
63.385 7.135

63.385 7.135
56.454 20.101

56.454 20.101
47.127 31.467

47.127 31.467
35.762 40.794

35.762 40.794
22.795 47.724

22.795 47.724
8.725 51.992

8.725 51.992
-5.906 53.434

-5.906 53.434
-20.538 51.992

-20.538 51.992
-34.608 47.724

-34.608 47.724
-47.574 40.794

-47.574 40.794
-58.939 31.466

-58.939 31.466
-68.266 20.101

-68.266 20.101
-75.197 7.135

-75.197 7.135
-79.465 -6.935

-79.465 -6.935
-80.906 -21.566

-80.906 -21.566
-79.465 -36.198

-70.876 -51.006
-63.945 -63.972

-63.945 -63.972
-54.618 -75.337

-54.618 -75.337
-43.253 -84.665

-43.253 -84.665
-30.286 -91.595

-30.286 -91.595
-16.217 -95.863

-16.217 -95.863
-1.585 -97.304

-1.585 -97.304
13.046 -95.864

13.046 -95.864
27.116 -91.595

27.116 -91.595
40.083 -84.665

40.083 -84.665
51.448 -75.338

51.448 -75.338
60.775 -63.972

60.775 -63.972
67.706 -51.006

67.706 -51.006
71.974 -36.936

71.974 -36.936
73.415 -22.304

73.415 -22.304
71.974 -7.673

71.974 -7.673
67.706 6.397

67.706 6.397
60.775 19.364

60.775 19.364
51.448 30.728

51.448 30.728
40.082 40.056

40.082 40.056
27.116 46.987

27.116 46.987
13.047 51.254

13.047 51.254
-1.585 52.696

-1.585 52.696
-16.217 51.255

-16.217 51.255
-30.286 46.987

-30.286 46.987
-43.253 40.056

-43.253 40.056
-54.618 30.729

-54.618 30.729
-63.945 19.363

-63.945 19.363
-70.876 6.397

-70.876 6.397
-75.144 -7.672

-75.144 -7.672
-76.585 -22.305

-76.585 -22.305
-75.144 -36.936

-75.144 -36.936
-70.876 -51.006

79.465 36.198
75.197 50.268

75.197 50.268
68.266 63.234

68.266 63.234
58.939 74.600

58.939 74.600
47.574 83.927

47.574 83.927
34.608 90.857

34.608 90.857
20.538 95.125

20.538 95.125
5.906 96.567

5.906 96.567
-8.726 95.126

-8.726 95.126
-22.795 90.858

-22.795 90.858
-35.761 83.927

-35.761 83.927
-47.127 74.599

-47.127 74.599
-56.454 63.234

-56.454 63.234
-63.385 50.268

-63.385 50.268
-67.653 36.198

-67.653 36.198
-69.094 21.567

-69.094 21.567
-67.653 6.935

-67.653 6.935
-63.385 -7.135

-63.385 -7.135
-56.454 -20.101

-56.454 -20.101
-47.127 -31.467

-47.127 -31.467
-35.762 -40.794

-35.762 -40.794
-22.795 -47.724

-22.795 -47.724
-8.725 -51.992

-8.725 -51.992
5.906 -53.434

5.906 -53.434
20.538 -51.992

20.538 -51.992
34.608 -47.724

34.608 -47.724
47.574 -40.794

47.574 -40.794
58.939 -31.466

58.939 -31.466
68.266 -20.101

68.266 -20.101
75.197 -7.135

75.197 -7.135
79.465 6.935

79.465 6.935
80.906 21.566

80.906 21.566
79.465 36.198

-59.564 -63.853
-50.236 -75.218

-50.236 -75.218
-38.871 -84.545

-38.871 -84.545
-25.904 -91.476

-25.904 -91.476
-11.835 -95.744

-11.835 -95.744
2.796 -97.185

2.796 -97.185
17.429 -95.744

17.429 -95.744
31.498 -91.476

31.498 -91.476
44.464 -84.545

44.464 -84.545
55.830 -75.218

55.830 -75.218
65.157 -63.853

65.157 -63.853
72.088 -50.886

72.088 -50.886
76.356 -36.817

76.356 -36.817
77.797 -22.185

77.797 -22.185
76.355 -7.553

76.355 -7.553
72.088 6.516

72.088 6.516
65.157 19.483

65.157 19.483
55.830 30.848

55.830 30.848
44.465 40.175

44.465 40.175
31.498 47.106

31.498 47.106
17.428 51.374

17.428 51.374
2.797 52.815

2.797 52.815
-11.835 51.374

-11.835 51.374
-25.904 47.106

-25.904 47.106
-38.871 40.175

-38.871 40.175
-50.237 30.848

-50.237 30.848
-59.563 19.483

-59.563 19.483
-66.494 6.516

-66.494 6.516
-70.762 -7.553

-70.762 -7.553
-72.203 -22.185

-72.203 -22.185
-70.762 -36.817

-70.762 -36.817
-66.494 -50.886

-66.494 -50.886
-59.564 -63.853

-45.962 -74.246
-34.597 -83.574

-34.597 -83.574
-21.630 -90.504

-21.630 -90.504
-7.560 -94.772

-7.560 -94.772
7.071 -96.213

7.071 -96.213
21.703 -94.772

21.703 -94.772
35.773 -90.504

35.773 -90.504
48.739 -83.574

48.739 -83.574
60.104 -74.246

60.104 -74.246
69.432 -62.881

69.432 -62.881
76.362 -49.915

76.362 -49.915
80.630 -35.845

80.630 -35.845
82.071 -21.213

82.071 -21.213
80.630 -6.582

80.630 -6.582
76.362 7.488

76.362 7.488
69.432 20.454

69.432 20.454
60.104 31.820

60.104 31.820
48.739 41.147

48.739 41.147
35.773 48.078

35.773 48.078
21.703 52.346

21.703 52.346
7.071 53.787

7.071 53.787
-7.560 52.346

-7.560 52.346
-21.630 48.078

-21.630 48.078
-34.597 41.147

-34.597 41.147
-45.962 31.820

-45.962 31.820
-55.289 20.454

-55.289 20.454
-62.220 7.488

-62.220 7.488
-66.488 -6.582

-66.488 -6.582
-67.929 -21.213

-67.929 -21.213
-66.488 -35.845

-66.488 -35.845
-62.220 -49.915

-62.220 -49.915
-55.289 -62.881

-55.289 -62.881
-45.962 -74.246

-30.594 -81.786
-17.627 -88.717

-17.627 -88.717
-3.558 -92.985

-3.558 -92.985
11.074 -94.426

11.074 -94.426
25.705 -92.985

25.705 -92.985
39.775 -88.717

39.775 -88.717
52.742 -81.786

52.742 -81.786
64.107 -72.459

64.107 -72.459
73.434 -61.094

73.434 -61.094
80.365 -48.127

80.365 -48.127
84.632 -34.058

84.632 -34.058
86.074 -19.426

86.074 -19.426
84.633 -4.794

84.633 -4.794
80.365 9.275

80.365 9.275
73.434 22.242

73.434 22.242
64.107 33.607

64.107 33.607
52.741 42.934

52.741 42.934
39.775 49.865

39.775 49.865
25.706 54.133

25.706 54.133
11.073 55.574

11.073 55.574
-3.558 54.133

-3.558 54.133
-17.627 49.865

-17.627 49.865
-30.594 42.934

-30.594 42.934
-41.959 33.607

-41.959 33.607
-51.287 22.242

-51.287 22.242
-58.217 9.275

-58.217 9.275
-62.485 -4.794

-62.485 -4.794
-63.926 -19.426

-63.926 -19.426
-62.485 -34.058

-62.485 -34.058
-58.217 -48.127

-58.217 -48.127
-51.286 -61.094

-51.286 -61.094
-41.960 -72.459

-41.960 -72.459
-30.594 -81.786

-14.051 -86.183
0.019 -90.452

0.019 -90.452
14.651 -91.892

14.651 -91.892
29.283 -90.451

29.283 -90.451
43.352 -86.183

43.352 -86.183
56.318 -79.253

56.318 -79.253
67.684 -69.925

67.684 -69.925
77.011 -58.560

77.011 -58.560
83.942 -45.594

83.942 -45.594
88.210 -31.524

88.210 -31.524
89.651 -16.893

89.651 -16.893
88.210 -2.260

88.210 -2.260
83.942 11.809

83.942 11.809
77.011 24.775

77.011 24.775
67.684 36.141

67.684 36.141
56.319 45.468

56.319 45.468
43.352 52.399

43.352 52.399
29.282 56.667

29.282 56.667
14.651 58.107

14.651 58.107
0.019 56.666

0.019 56.666
-14.050 52.398

-14.050 52.398
-27.017 45.468

-27.017 45.468
-38.382 36.140

-38.382 36.140
-47.709 24.776

-47.709 24.776
-54.640 11.809

-54.640 11.809
-58.908 -2.261

-58.908 -2.261
-60.349 -16.892

-60.349 -16.892
-58.908 -31.525

-58.908 -31.525
-54.640 -45.594

-54.640 -45.594
-47.710 -58.560

-47.710 -58.560
-38.382 -69.926

-38.382 -69.926
-27.017 -79.253

-27.017 -79.253
-14.051 -86.183

3.033 -87.269
17.665 -88.710

17.665 -88.710
32.296 -87.269

32.296 -87.269
46.366 -83.000

46.366 -83.000
59.333 -76.070

59.333 -76.070
70.698 -66.743

70.698 -66.743
80.025 -55.377

80.025 -55.377
86.956 -42.411

86.956 -42.411
91.224 -28.341

91.224 -28.341
92.665 -13.709

92.665 -13.709
91.224 0.922

91.224 0.922
86.956 14.992

86.956 14.992
80.025 27.958

80.025 27.958
70.698 39.323

70.698 39.323
59.332 48.651

59.332 48.651
46.366 55.581

46.366 55.581
32.297 59.849

32.297 59.849
17.665 61.290

17.665 61.290
3.033 59.849

3.033 59.849
-11.037 55.581

-11.037 55.581
-24.003 48.651

-24.003 48.651
-35.368 39.324

-35.368 39.324
-44.696 27.958

-44.696 27.958
-51.626 14.992

-51.626 14.992
-55.894 0.922

-55.894 0.922
-57.335 -13.710

-57.335 -13.710
-55.894 -28.341

-55.894 -28.341
-51.626 -42.411

-51.626 -42.411
-44.695 -55.377

-44.695 -55.377
-35.368 -66.742

-35.368 -66.742
-24.003 -76.070

-24.003 -76.070
-11.037 -83.001

-11.037 -83.001
3.033 -87.269

20.000 -85.000
34.632 -83.559

34.632 -83.559
48.701 -79.291

48.701 -79.291
61.668 -72.360

61.668 -72.360
73.033 -63.033

73.033 -63.033
82.360 -51.668

82.360 -51.668
89.291 -38.701

89.291 -38.701
93.559 -24.632

93.559 -24.632
95.000 -10.000

95.000 -10.000
93.559 4.632

93.559 4.632
89.291 18.701

89.291 18.701
82.360 31.668

82.360 31.668
73.033 43.033

73.033 43.033
61.668 52.360

61.668 52.360
48.701 59.291

48.701 59.291
34.632 63.559

34.632 63.559
20.000 65.000

20.000 65.000
5.368 63.559

5.368 63.559
-8.701 59.291

-8.701 59.291
-21.668 52.360

-21.668 52.360
-33.033 43.033

-33.033 43.033
-42.360 31.668

-42.360 31.668
-49.291 18.701

-49.291 18.701
-53.559 4.632

-53.559 4.632
-55.000 -10.000

-55.000 -10.000
-53.559 -24.632

-53.559 -24.632
-49.291 -38.701

-49.291 -38.701
-42.360 -51.668

-42.360 -51.668
-33.033 -63.033

-33.033 -63.033
-21.668 -72.360

-21.668 -72.360
-8.701 -79.291

-8.701 -79.291
5.368 -83.559

5.368 -83.559
20.000 -85.000

36.198 -79.465
50.268 -75.197

50.268 -75.197
63.234 -68.266

63.234 -68.266
74.600 -58.939

74.600 -58.939
83.927 -47.574

83.927 -47.574
90.857 -34.608

90.857 -34.608
95.125 -20.538

95.125 -20.538
96.567 -5.906

96.567 -5.906
95.126 8.726

95.126 8.726
90.858 22.795

90.858 22.795
83.927 35.761

83.927 35.761
74.599 47.127

74.599 47.127
63.234 56.454

63.234 56.454
50.268 63.385

50.268 63.385
36.198 67.653

36.198 67.653
21.567 69.094

21.567 69.094
6.935 67.653

6.935 67.653
-7.135 63.385

-7.135 63.385
-20.101 56.454

-20.101 56.454
-31.467 47.127

-31.467 47.127
-40.794 35.762

-40.794 35.762
-47.724 22.795

-47.724 22.795
-51.992 8.725

-51.992 8.725
-53.434 -5.906

-53.434 -5.906
-51.992 -20.538

-51.992 -20.538
-47.724 -34.608

-47.724 -34.608
-40.794 -47.574

-40.794 -47.574
-31.466 -58.939

-31.466 -58.939
-20.101 -68.266

-20.101 -68.266
-7.135 -75.197

-7.135 -75.197
6.935 -79.465

6.935 -79.465
21.566 -80.906

21.566 -80.906
36.198 -79.465

51.006 -70.876
63.972 -63.945

63.972 -63.945
75.337 -54.618

75.337 -54.618
84.665 -43.253

84.665 -43.253
91.595 -30.286

91.595 -30.286
95.863 -16.217

95.863 -16.217
97.304 -1.585

97.304 -1.585
95.864 13.046

95.864 13.046
91.595 27.116

91.595 27.116
84.665 40.083

84.665 40.083
75.338 51.448

75.338 51.448
63.972 60.775

63.972 60.775
51.006 67.706

51.006 67.706
36.936 71.974

36.936 71.974
22.304 73.415

22.304 73.415
7.673 71.974

7.673 71.974
-6.397 67.706

-6.397 67.706
-19.364 60.775

-19.364 60.775
-30.728 51.448

-30.728 51.448
-40.056 40.082

-40.056 40.082
-46.987 27.116

-46.987 27.116
-51.254 13.047

-51.254 13.047
-52.696 -1.585

-52.696 -1.585
-51.255 -16.217

-51.255 -16.217
-46.987 -30.286

-46.987 -30.286
-40.056 -43.253

-40.056 -43.253
-30.729 -54.618

-30.729 -54.618
-19.363 -63.945

-19.363 -63.945
-6.397 -70.876

-6.397 -70.876
7.672 -75.144

7.672 -75.144
22.305 -76.585

22.305 -76.585
36.936 -75.144

36.936 -75.144
51.006 -70.876

63.853 -59.564
75.218 -50.236

75.218 -50.236
84.545 -38.871

84.545 -38.871
91.476 -25.904

91.476 -25.904
95.744 -11.835

95.744 -11.835
97.185 2.796

97.185 2.796
95.744 17.429

95.744 17.429
91.476 31.498

91.476 31.498
84.545 44.464

84.545 44.464
75.218 55.830

75.218 55.830
63.853 65.157

63.853 65.157
50.886 72.088

50.886 72.088
36.817 76.356

36.817 76.356
22.185 77.797

22.185 77.797
7.553 76.355

7.553 76.355
-6.516 72.088

-6.516 72.088
-19.483 65.157

-19.483 65.157
-30.848 55.830

-30.848 55.830
-40.175 44.465

-40.175 44.465
-47.106 31.498

-47.106 31.498
-51.374 17.428

-51.374 17.428
-52.815 2.797

-52.815 2.797
-51.374 -11.835

-51.374 -11.835
-47.106 -25.904

-47.106 -25.904
-40.175 -38.871

-40.175 -38.871
-30.848 -50.237

-30.848 -50.237
-19.483 -59.563

-19.483 -59.563
-6.516 -66.494

-6.516 -66.494
7.553 -70.762

7.553 -70.762
22.185 -72.203

22.185 -72.203
36.817 -70.762

36.817 -70.762
50.886 -66.494

50.886 -66.494
63.853 -59.564

74.246 -45.962
83.574 -34.597

83.574 -34.597
90.504 -21.630

90.504 -21.630
94.772 -7.560

94.772 -7.560
96.213 7.071

96.213 7.071
94.772 21.703

94.772 21.703
90.504 35.773

90.504 35.773
83.574 48.739

83.574 48.739
74.246 60.104

74.246 60.104
62.881 69.432

62.881 69.432
49.915 76.362

49.915 76.362
35.845 80.630

35.845 80.630
21.213 82.071

21.213 82.071
6.582 80.630

6.582 80.630
-7.488 76.362

-7.488 76.362
-20.454 69.432

-20.454 69.432
-31.820 60.104

-31.820 60.104
-41.147 48.739

-41.147 48.739
-48.078 35.773

-48.078 35.773
-52.346 21.703

-52.346 21.703
-53.787 7.071

-53.787 7.071
-52.346 -7.560

-52.346 -7.560
-48.078 -21.630

-48.078 -21.630
-41.147 -34.597

-41.147 -34.597
-31.820 -45.962

-31.820 -45.962
-20.454 -55.289

-20.454 -55.289
-7.488 -62.220

-7.488 -62.220
6.582 -66.488

6.582 -66.488
21.213 -67.929

21.213 -67.929
35.845 -66.488

35.845 -66.488
49.915 -62.220

49.915 -62.220
62.881 -55.289

62.881 -55.289
74.246 -45.962

70.876 51.006
63.945 63.972

63.945 63.972
54.618 75.337

54.618 75.337
43.253 84.665

43.253 84.665
30.286 91.595

30.286 91.595
16.217 95.863

16.217 95.863
1.585 97.304

1.585 97.304
-13.046 95.864

-13.046 95.864
-27.116 91.595

-27.116 91.595
-40.083 84.665

-40.083 84.665
-51.448 75.338

-51.448 75.338
-60.775 63.972

-60.775 63.972
-67.706 51.006

-67.706 51.006
-71.974 36.936

-71.974 36.936
-73.415 22.304

-73.415 22.304
-71.974 7.673

-71.974 7.673
-67.706 -6.397

-67.706 -6.397
-60.775 -19.364

-60.775 -19.364
-51.448 -30.728

-51.448 -30.728
-40.082 -40.056

-40.082 -40.056
-27.116 -46.987

-27.116 -46.987
-13.047 -51.254

-13.047 -51.254
1.585 -52.696

1.585 -52.696
16.217 -51.255

16.217 -51.255
30.286 -46.987

30.286 -46.987
43.253 -40.056

43.253 -40.056
54.618 -30.729

54.618 -30.729
63.945 -19.363

63.945 -19.363
70.876 -6.397

70.876 -6.397
75.144 7.672

75.144 7.672
76.585 22.305

76.585 22.305
75.144 36.936

75.144 36.936
70.876 51.006

81.786 -30.594
88.717 -17.627

88.717 -17.627
92.985 -3.558

92.985 -3.558
94.426 11.074

94.426 11.074
92.985 25.705

92.985 25.705
88.717 39.775

88.717 39.775
81.786 52.742

81.786 52.742
72.459 64.107

72.459 64.107
61.094 73.434

61.094 73.434
48.127 80.365

48.127 80.365
34.058 84.632

34.058 84.632
19.426 86.074

19.426 86.074
4.794 84.633

4.794 84.633
-9.275 80.365

-9.275 80.365
-22.242 73.434

-22.242 73.434
-33.607 64.107

-33.607 64.107
-42.934 52.741

-42.934 52.741
-49.865 39.775

-49.865 39.775
-54.133 25.706

-54.133 25.706
-55.574 11.073

-55.574 11.073
-54.133 -3.558

-54.133 -3.558
-49.865 -17.627

-49.865 -17.627
-42.934 -30.594

-42.934 -30.594
-33.607 -41.959

-33.607 -41.959
-22.242 -51.287

-22.242 -51.287
-9.275 -58.217

-9.275 -58.217
4.794 -62.485

4.794 -62.485
19.426 -63.926

19.426 -63.926
34.058 -62.485

34.058 -62.485
48.127 -58.217

48.127 -58.217
61.094 -51.286

61.094 -51.286
72.459 -41.960

72.459 -41.960
81.786 -30.594

86.183 -14.051
90.452 0.019

90.452 0.019
91.892 14.651

91.892 14.651
90.451 29.283

90.451 29.283
86.183 43.352

86.183 43.352
79.253 56.318

79.253 56.318
69.925 67.684

69.925 67.684
58.560 77.011

58.560 77.011
45.594 83.942

45.594 83.942
31.524 88.210

31.524 88.210
16.893 89.651

16.893 89.651
2.260 88.210

2.260 88.210
-11.809 83.942

-11.809 83.942
-24.775 77.011

-24.775 77.011
-36.141 67.684

-36.141 67.684
-45.468 56.319

-45.468 56.319
-52.399 43.352

-52.399 43.352
-56.667 29.282

-56.667 29.282
-58.107 14.651

-58.107 14.651
-56.666 0.019

-56.666 0.019
-52.398 -14.050

-52.398 -14.050
-45.468 -27.017

-45.468 -27.017
-36.140 -38.382

-36.140 -38.382
-24.776 -47.709

-24.776 -47.709
-11.809 -54.640

-11.809 -54.640
2.261 -58.908

2.261 -58.908
16.892 -60.349

16.892 -60.349
31.525 -58.908

31.525 -58.908
45.594 -54.640

45.594 -54.640
58.560 -47.710

58.560 -47.710
69.926 -38.382

69.926 -38.382
79.253 -27.017

79.253 -27.017
86.183 -14.051

87.269 3.033
88.710 17.665

88.710 17.665
87.269 32.296

87.269 32.296
83.000 46.366

83.000 46.366
76.070 59.333

76.070 59.333
66.743 70.698

66.743 70.698
55.377 80.025

55.377 80.025
42.411 86.956

42.411 86.956
28.341 91.224

28.341 91.224
13.709 92.665

13.709 92.665
-0.922 91.224

-0.922 91.224
-14.992 86.956

-14.992 86.956
-27.958 80.025

-27.958 80.025
-39.323 70.698

-39.323 70.698
-48.651 59.332

-48.651 59.332
-55.581 46.366

-55.581 46.366
-59.849 32.297

-59.849 32.297
-61.290 17.665

-61.290 17.665
-59.849 3.033

-59.849 3.033
-55.581 -11.037

-55.581 -11.037
-48.651 -24.003

-48.651 -24.003
-39.324 -35.368

-39.324 -35.368
-27.958 -44.696

-27.958 -44.696
-14.992 -51.626

-14.992 -51.626
-0.922 -55.894

-0.922 -55.894
13.710 -57.335

13.710 -57.335
28.341 -55.894

28.341 -55.894
42.411 -51.626

42.411 -51.626
55.377 -44.695

55.377 -44.695
66.742 -35.368

66.742 -35.368
76.070 -24.003

76.070 -24.003
83.001 -11.037

83.001 -11.037
87.269 3.033

59.564 63.853
50.236 75.218

50.236 75.218
38.871 84.545

38.871 84.545
25.904 91.476

25.904 91.476
11.835 95.744

11.835 95.744
-2.796 97.185

-2.796 97.185
-17.429 95.744

-17.429 95.744
-31.498 91.476

-31.498 91.476
-44.464 84.545

-44.464 84.545
-55.830 75.218

-55.830 75.218
-65.157 63.853

-65.157 63.853
-72.088 50.886

-72.088 50.886
-76.356 36.817

-76.356 36.817
-77.797 22.185

-77.797 22.185
-76.355 7.553

-76.355 7.553
-72.088 -6.516

-72.088 -6.516
-65.157 -19.483

-65.157 -19.483
-55.830 -30.848

-55.830 -30.848
-44.465 -40.175

-44.465 -40.175
-31.498 -47.106

-31.498 -47.106
-17.428 -51.374

-17.428 -51.374
-2.797 -52.815

-2.797 -52.815
11.835 -51.374

11.835 -51.374
25.904 -47.106

25.904 -47.106
38.871 -40.175

38.871 -40.175
50.237 -30.848

50.237 -30.848
59.563 -19.483

59.563 -19.483
66.494 -6.516

66.494 -6.516
70.762 7.553

70.762 7.553
72.203 22.185

72.203 22.185
70.762 36.817

70.762 36.817
66.494 50.886

66.494 50.886
59.564 63.853

45.962 74.246
34.597 83.574

34.597 83.574
21.630 90.504

21.630 90.504
7.560 94.772

7.560 94.772
-7.071 96.213

-7.071 96.213
-21.703 94.772

-21.703 94.772
-35.773 90.504

-35.773 90.504
-48.739 83.574

-48.739 83.574
-60.104 74.246

-60.104 74.246
-69.432 62.881

-69.432 62.881
-76.362 49.915

-76.362 49.915
-80.630 35.845

-80.630 35.845
-82.071 21.213

-82.071 21.213
-80.630 6.582

-80.630 6.582
-76.362 -7.488

-76.362 -7.488
-69.432 -20.454

-69.432 -20.454
-60.104 -31.820

-60.104 -31.820
-48.739 -41.147

-48.739 -41.147
-35.773 -48.078

-35.773 -48.078
-21.703 -52.346

-21.703 -52.346
-7.071 -53.787

-7.071 -53.787
7.560 -52.346

7.560 -52.346
21.630 -48.078

21.630 -48.078
34.597 -41.147

34.597 -41.147
45.962 -31.820

45.962 -31.820
55.289 -20.454

55.289 -20.454
62.220 -7.488

62.220 -7.488
66.488 6.582

66.488 6.582
67.929 21.213

67.929 21.213
66.488 35.845

66.488 35.845
62.220 49.915

62.220 49.915
55.289 62.881

55.289 62.881
45.962 74.246

30.594 81.786
17.627 88.717

17.627 88.717
3.558 92.985

3.558 92.985
-11.074 94.426

-11.074 94.426
-25.705 92.985

-25.705 92.985
-39.775 88.717

-39.775 88.717
-52.742 81.786

-52.742 81.786
-64.107 72.459

-64.107 72.459
-73.434 61.094

-73.434 61.094
-80.365 48.127

-80.365 48.127
-84.632 34.058

-84.632 34.058
-86.074 19.426

-86.074 19.426
-84.633 4.794

-84.633 4.794
-80.365 -9.275

-80.365 -9.275
-73.434 -22.242

-73.434 -22.242
-64.107 -33.607

-64.107 -33.607
-52.741 -42.934

-52.741 -42.934
-39.775 -49.865

-39.775 -49.865
-25.706 -54.133

-25.706 -54.133
-11.073 -55.574

-11.073 -55.574
3.558 -54.133

3.558 -54.133
17.627 -49.865

17.627 -49.865
30.594 -42.934

30.594 -42.934
41.959 -33.607

41.959 -33.607
51.287 -22.242

51.287 -22.242
58.217 -9.275

58.217 -9.275
62.485 4.794

62.485 4.794
63.926 19.426

63.926 19.426
62.485 34.058

62.485 34.058
58.217 48.127

58.217 48.127
51.286 61.094

51.286 61.094
41.960 72.459

41.960 72.459
30.594 81.786

14.051 86.183
-0.019 90.452

-0.019 90.452
-14.651 91.892

-14.651 91.892
-29.283 90.451

-29.283 90.451
-43.352 86.183

-43.352 86.183
-56.318 79.253

-56.318 79.253
-67.684 69.925

-67.684 69.925
-77.011 58.560

-77.011 58.560
-83.942 45.594

-83.942 45.594
-88.210 31.524

-88.210 31.524
-89.651 16.893

-89.651 16.893
-88.210 2.260

-88.210 2.260
-83.942 -11.809

-83.942 -11.809
-77.011 -24.775

-77.011 -24.775
-67.684 -36.141

-67.684 -36.141
-56.319 -45.468

-56.319 -45.468
-43.352 -52.399

-43.352 -52.399
-29.282 -56.667

-29.282 -56.667
-14.651 -58.107

-14.651 -58.107
-0.019 -56.666

-0.019 -56.666
14.050 -52.398

14.050 -52.398
27.017 -45.468

27.017 -45.468
38.382 -36.140

38.382 -36.140
47.709 -24.776

47.709 -24.776
54.640 -11.809

54.640 -11.809
58.908 2.261

58.908 2.261
60.349 16.892

60.349 16.892
58.908 31.525

58.908 31.525
54.640 45.594

54.640 45.594
47.710 58.560

47.710 58.560
38.382 69.926

38.382 69.926
27.017 79.253

27.017 79.253
14.051 86.183

-3.033 87.269
-17.665 88.710

-17.665 88.710
-32.296 87.269

-32.296 87.269
-46.366 83.000

-46.366 83.000
-59.333 76.070

-59.333 76.070
-70.698 66.743

-70.698 66.743
-80.025 55.377

-80.025 55.377
-86.956 42.411

-86.956 42.411
-91.224 28.341

-91.224 28.341
-92.665 13.709

-92.665 13.709
-91.224 -0.922

-91.224 -0.922
-86.956 -14.992

-86.956 -14.992
-80.025 -27.958

-80.025 -27.958
-70.698 -39.323

-70.698 -39.323
-59.332 -48.651

-59.332 -48.651
-46.366 -55.581

-46.366 -55.581
-32.297 -59.849

-32.297 -59.849
-17.665 -61.290

-17.665 -61.290
-3.033 -59.849

-3.033 -59.849
11.037 -55.581

11.037 -55.581
24.003 -48.651

24.003 -48.651
35.368 -39.324

35.368 -39.324
44.696 -27.958

44.696 -27.958
51.626 -14.992

51.626 -14.992
55.894 -0.922

55.894 -0.922
57.335 13.710

57.335 13.710
55.894 28.341

55.894 28.341
51.626 42.411

51.626 42.411
44.695 55.377

44.695 55.377
35.368 66.742

35.368 66.742
24.003 76.070

24.003 76.070
11.037 83.001

11.037 83.001
-3.033 87.269

-20.000 85.000
-34.632 83.559

-34.632 83.559
-48.701 79.291

-48.701 79.291
-61.668 72.360

-61.668 72.360
-73.033 63.033

-73.033 63.033
-82.360 51.668

-82.360 51.668
-89.291 38.701

-89.291 38.701
-93.559 24.632

-93.559 24.632
-95.000 10.000

-95.000 10.000
-93.559 -4.632

-93.559 -4.632
-89.291 -18.701

-89.291 -18.701
-82.360 -31.668

-82.360 -31.668
-73.033 -43.033

-73.033 -43.033
-61.668 -52.360

-61.668 -52.360
-48.701 -59.291

-48.701 -59.291
-34.632 -63.559

-34.632 -63.559
-20.000 -65.000

-20.000 -65.000
-5.368 -63.559

-5.368 -63.559
8.701 -59.291

8.701 -59.291
21.668 -52.360

21.668 -52.360
33.033 -43.033

33.033 -43.033
42.360 -31.668

42.360 -31.668
49.291 -18.701

49.291 -18.701
53.559 -4.632

53.559 -4.632
55.000 10.000

55.000 10.000
53.559 24.632

53.559 24.632
49.291 38.701

49.291 38.701
42.360 51.668

42.360 51.668
33.033 63.033

33.033 63.033
21.668 72.360

21.668 72.360
8.701 79.291

8.701 79.291
-5.368 83.559

-5.368 83.559
-20.000 85.000

