0.000 150.480
-130.332 -75.240

-130.332 -75.240
130.332 -75.240

130.332 -75.240
0.000 150.480

75.000 0.000
73.559 14.632

73.559 14.632
69.291 28.701

69.291 28.701
62.360 41.668

62.360 41.668
53.033 53.033

53.033 53.033
41.668 62.360

41.668 62.360
28.701 69.291

28.701 69.291
14.632 73.559

14.632 73.559
0.000 75.000

0.000 75.000
-14.632 73.559

-14.632 73.559
-28.701 69.291

-28.701 69.291
-41.668 62.360

-41.668 62.360
-53.033 53.033

-53.033 53.033
-62.360 41.668

-62.360 41.668
-69.291 28.701

-69.291 28.701
-73.559 14.632

-73.559 14.632
-75.000 0.000

-75.000 0.000
-73.559 -14.632

-73.559 -14.632
-69.291 -28.701

-69.291 -28.701
-62.360 -41.668

-62.360 -41.668
-53.033 -53.033

-53.033 -53.033
-41.668 -62.360

-41.668 -62.360
-28.701 -69.291

-28.701 -69.291
-14.632 -73.559

-14.632 -73.559
0.000 -75.000

0.000 -75.000
14.632 -73.559

14.632 -73.559
28.701 -69.291

28.701 -69.291
41.668 -62.360

41.668 -62.360
53.033 -53.033

53.033 -53.033
62.360 -41.668

62.360 -41.668
69.291 -28.701

69.291 -28.701
73.559 -14.632

73.559 -14.632
75.000 0.000

0.000 150.480
0.000 -75.240

