5.777 17.077
7.071 12.247

18.024 4.830
13.195 6.124

10.953 -2.241
9.659 2.588

-1.294 10.006
3.536 8.712

7.071 12.247
11.901 10.953

11.901 10.953
13.195 6.124

9.659 2.588
4.830 3.882

4.830 3.882
3.536 8.712

3.536 8.712
7.071 12.247

4.483 21.907
5.777 17.077

22.854 11.300
18.024 10.006

18.972 -3.188
15.436 0.347

12.247 -7.071
10.953 -2.241

4.483 -7.071
5.777 -2.241

-6.124 3.536
-1.294 4.830

-6.123 11.300
-1.294 10.006

-2.241 18.024
1.294 14.489

5.777 17.077
10.953 17.077

15.436 14.489
18.024 10.006

18.024 10.006
18.024 4.830

15.436 0.347
10.953 -2.241

5.777 -2.241
1.294 0.347

1.294 0.347
-1.294 4.830

13.542 26.736
12.248 21.906

27.683 2.241
22.854 3.535

13.542 -11.901
12.247 -7.071

4.483 21.907
12.248 21.906

18.971 18.024
22.854 11.300

22.854 3.535
18.972 -3.188

-2.241 -3.189
-6.124 3.536

-6.124 3.536
-6.123 11.300

-2.241 18.024
4.483 21.907

1.895 31.566
3.189 26.736

8.364 32.419
8.363 27.419

20.867 29.071
18.364 24.736

30.018 19.918
25.687 17.417

32.513 0.947
27.683 2.241

30.019 -5.084
25.683 -2.581

26.043 -10.259
22.507 -6.724

20.865 -14.235
18.364 -9.904

8.366 -17.584
8.367 -12.583

1.895 -16.730
3.189 -11.900

-4.136 -14.236
-1.633 -9.900

-13.287 -5.082
-8.957 -2.581

-15.782 13.888
-10.953 12.594

-4.135 29.070
-1.634 24.740

8.363 27.419
13.542 26.736

13.542 26.736
18.364 24.736

18.364 24.736
22.507 21.560

25.687 17.417
27.684 12.594

28.366 7.420
27.683 2.241

27.683 2.241
25.683 -2.581

22.507 -6.724
18.364 -9.904

18.364 -9.904
13.542 -11.901

-1.633 -9.900
-5.776 -6.724

-10.953 2.241
-11.636 7.416

-11.636 7.416
-10.953 12.594

-8.953 17.416
-5.777 21.559

-5.777 21.559
-1.634 24.740

8.365 37.420
8.364 32.419

23.366 33.401
20.867 29.071

34.348 22.419
30.018 19.918

37.343 15.182
32.513 13.888

37.342 -0.347
32.513 0.947

34.348 -7.583
30.019 -5.084

23.366 -18.565
20.865 -14.235

16.130 -21.560
14.836 -16.730

8.365 -22.584
8.366 -17.584

-17.618 -7.583
-13.287 -5.082

-20.613 -0.347
-15.783 0.947

-21.637 7.418
-16.637 7.417

-20.612 15.183
-15.782 13.888

-17.618 22.419
-13.288 19.919

-12.848 28.630
-9.312 25.095

-6.636 33.401
-4.135 29.070

1.895 31.566
8.364 32.419

14.836 31.565
20.867 29.071

20.867 29.071
26.042 25.095

26.042 25.095
30.018 19.918

30.018 19.918
32.513 13.888

32.513 13.888
33.367 7.419

8.366 -17.584
1.895 -16.730

1.895 -16.730
-4.136 -14.236

-4.136 -14.236
-9.312 -10.260

-9.312 -10.260
-13.287 -5.082

-9.312 25.095
-4.135 29.070

-4.135 29.070
1.895 31.566

33.113 32.166
29.578 28.631

38.673 24.918
34.348 22.419

42.173 16.476
37.343 15.182

38.678 -10.083
34.348 -7.583

33.114 -17.330
29.578 -13.795

17.424 -26.390
16.130 -21.560

8.363 -27.580
8.365 -22.584

-0.694 -26.389
0.600 -21.559

-9.136 -22.895
-6.636 -18.565

-16.383 -17.331
-12.847 -13.795

-25.442 -1.641
-20.613 -0.347

-26.633 7.420
-21.637 7.418

-25.441 16.477
-20.612 15.183

-21.947 24.919
-17.618 22.419

-16.383 32.166
-12.848 28.630

-9.136 37.726
-6.636 33.401

0.601 36.396
8.365 37.420

16.130 36.395
23.366 33.401

23.366 33.401
29.578 28.631

37.343 15.182
38.367 7.418

29.578 -13.795
23.366 -18.565

23.366 -18.565
16.130 -21.560

8.365 -22.584
0.600 -21.559

-6.636 -18.565
-12.847 -13.795

-12.847 -13.795
-17.618 -7.583

-17.618 -7.583
-20.613 -0.347

-20.613 -0.347
-21.637 7.418

-20.612 15.183
-17.618 22.419

-17.618 22.419
-12.848 28.630

-1.988 46.055
-0.694 41.225

47.002 17.771
42.173 16.476

47.001 -2.935
42.172 -1.641

43.007 -12.583
38.678 -10.083

18.718 -31.219
17.424 -26.390

-30.271 17.771
-25.441 16.477

-0.694 41.225
8.367 42.416

8.367 42.416
17.424 41.224

17.424 41.224
25.866 37.730

42.173 16.476
43.363 7.416

25.866 -22.890
17.424 -26.390

-21.943 -10.083
-25.442 -1.641

-26.633 7.420
-25.441 16.477

2.493 52.033
3.143 47.077

8.364 52.416
8.368 47.416

20.012 50.883
18.718 46.054

25.587 48.992
23.672 44.374

30.865 46.389
28.366 42.060

35.758 43.119
32.717 39.152

44.067 34.811
40.100 31.766

49.939 24.640
45.323 22.725

51.832 19.065
47.002 17.771

52.981 13.290
48.025 12.640

53.363 7.419
48.364 7.415

52.980 1.545
48.022 2.199

51.831 -4.229
47.001 -2.935

47.337 -15.082
43.007 -12.583

44.067 -19.975
40.099 -16.934

40.185 -24.401
36.649 -20.865

30.863 -31.552
28.367 -27.221

25.587 -34.156
23.672 -29.540

2.492 -37.197
3.146 -32.239

-3.282 -36.048
-1.988 -31.218

-8.857 -34.156
-6.942 -29.538

-14.135 -31.554
-11.635 -27.224

-19.028 -28.284
-15.986 -24.316

-23.454 -24.402
-19.918 -20.866

-27.336 -19.976
-23.369 -16.930

-30.605 -15.080
-26.273 -12.584

-36.633 7.416
-31.633 7.421

-36.250 13.291
-31.292 12.637

-33.209 24.640
-28.591 22.724

-30.606 29.918
-26.277 27.418

-27.336 34.811
-23.369 31.769

-23.454 39.237
-19.919 35.701

-19.028 43.119
-15.983 39.152

-14.133 46.388
-11.636 42.056

-8.857 48.992
-6.942 44.375

3.143 47.077
8.368 47.416

8.368 47.416
13.584 47.075

13.584 47.075
18.718 46.054

18.718 46.054
23.672 44.374

23.672 44.374
28.366 42.060

28.366 42.060
32.717 39.152

32.717 39.152
36.648 35.702

36.648 35.702
40.100 31.766

40.100 31.766
43.004 27.419

45.323 22.725
47.002 17.771

48.025 12.640
48.364 7.415

47.001 -2.935
45.321 -7.889

45.321 -7.889
43.007 -12.583

40.099 -16.934
36.649 -20.865

32.713 -24.317
28.367 -27.221

13.588 -32.242
8.362 -32.581

8.362 -32.581
3.146 -32.239

-28.592 -7.889
-30.272 -2.935

-30.272 -2.935
-31.294 2.195

-31.294 2.195
-31.633 7.421

-30.271 17.771
-28.591 22.724

-6.942 44.375
-1.988 46.055

-4.576 55.714
-3.282 50.884

1.838 56.988
2.493 52.033

14.892 56.991
14.238 52.033

38.805 47.088
35.758 43.119

43.719 42.773
40.184 39.237

54.557 26.550
49.939 24.640

57.935 13.945
52.981 13.290

57.939 0.891
52.980 1.545

54.562 -11.718
49.939 -9.804

51.666 -17.582
47.337 -15.082

48.035 -23.022
44.067 -19.975

43.720 -27.936
40.185 -24.401

33.364 -35.882
30.863 -31.552

21.306 -40.878
20.012 -36.049

14.892 -42.152
14.238 -37.198

8.366 -42.581
8.367 -37.580

1.838 -42.156
2.492 -37.197

-10.770 -38.779
-8.857 -34.156

-22.075 -32.252
-19.028 -28.284

-26.989 -27.937
-23.454 -24.402

-34.935 -17.581
-30.605 -15.080

-39.931 -5.523
-35.101 -4.229

-41.633 7.417
-36.633 7.416

-34.936 32.418
-30.606 29.918

-26.990 42.772
-23.454 39.237

-3.282 50.884
2.493 52.033

8.364 52.416
14.238 52.033

40.184 39.237
44.067 34.811

44.067 34.811
47.335 29.916

51.832 19.065
52.981 13.290

52.980 1.545
51.831 -4.229

49.939 -9.804
47.337 -15.082

47.337 -15.082
44.067 -19.975

35.759 -28.284
30.863 -31.552

30.863 -31.552
25.587 -34.156

25.587 -34.156
20.012 -36.049

14.238 -37.198
8.367 -37.580

8.367 -37.580
2.492 -37.197

-3.282 -36.048
-8.857 -34.156

-8.857 -34.156
-14.135 -31.554

-23.454 -24.402
-27.336 -19.976

-33.209 -9.804
-35.101 -4.229

-36.250 1.545
-36.633 7.416

-36.633 7.416
-36.250 13.291

-35.100 19.065
-33.209 24.640

-33.209 24.640
-30.606 29.918

-30.606 29.918
-27.336 34.811

-23.454 39.237
-19.028 43.119

-19.028 43.119
-14.133 46.388

-8.857 48.992
-3.282 50.884

1.187 61.948
1.838 56.988

15.546 61.949
14.892 56.991

29.411 58.231
27.501 53.615

35.865 55.048
33.365 50.719

55.996 34.918
51.665 32.417

59.179 28.467
54.557 26.550

63.364 7.418
58.364 7.418

62.897 0.237
57.939 0.891

61.490 -6.818
56.660 -5.523

59.179 -13.628
54.562 -11.718

47.256 -31.472
43.720 -27.936

41.850 -36.218
38.804 -32.251

1.184 -47.114
1.838 -42.156

-5.870 -45.707
-4.576 -40.877

-19.134 -40.213
-16.635 -35.883

-30.524 -31.473
-26.989 -27.937

-35.270 -26.067
-31.303 -23.021

-39.265 -20.082
-34.935 -17.581

-44.761 -6.817
-39.931 -5.523

-39.265 34.917
-34.936 32.418

-12.684 58.231
-10.767 53.610

8.365 57.416
14.892 56.991

14.892 56.991
21.306 55.713

21.306 55.713
27.501 53.615

43.719 42.773
48.034 37.857

56.661 20.359
57.935 13.945

57.939 0.891
56.660 -5.523

38.804 -32.251
33.364 -35.882

27.497 -38.774
21.306 -40.878

21.306 -40.878
14.892 -42.152

-4.576 -40.877
-10.770 -38.779

-10.770 -38.779
-16.635 -35.883

-22.075 -32.252
-26.989 -27.937

-37.827 -11.715
-39.931 -5.523

-41.205 0.891
-41.633 7.417

-41.633 7.417
-41.208 13.945

-41.208 13.945
-39.930 20.359

-39.930 20.359
-37.832 26.553

-37.832 26.553
-34.936 32.418

-34.936 32.418
-31.305 37.858

-31.305 37.858
-26.990 42.772

-26.990 42.772
-22.074 47.086

-22.074 47.086
-16.634 50.718

-16.634 50.718
-10.767 53.610

-10.767 53.610
-4.576 55.714

-7.164 65.373
-5.870 60.544

0.533 66.902
1.187 61.948

44.890 55.018
41.848 51.051

50.790 49.844
47.255 46.308

55.969 43.943
52.001 40.902

60.326 37.419
55.996 34.918

66.321 22.947
61.491 21.653

67.850 15.250
62.895 14.596

63.797 -15.543
59.179 -13.628

50.791 -35.007
47.256 -31.472

44.890 -40.186
41.850 -36.218

16.198 -52.067
15.543 -47.112

8.364 -52.582
8.365 -47.581

-7.164 -50.536
-5.870 -45.707

-21.634 -44.542
-19.134 -40.213

-28.160 -40.182
-25.118 -36.215

-34.060 -35.008
-30.524 -31.473

-39.238 -29.107
-35.270 -26.067

-43.596 -22.583
-39.265 -20.082

-47.066 -15.541
-42.448 -13.631

-51.119 -0.415
-46.165 0.240

-51.635 7.419
-46.634 7.418

-43.595 37.417
-39.265 34.917

8.365 62.417
15.546 61.949

22.601 60.542
29.411 58.231

29.411 58.231
35.865 55.048

59.179 28.467
61.491 21.653

61.491 21.653
62.895 14.596

63.364 7.418
62.897 0.237

59.179 -13.628
55.995 -20.082

51.998 -26.065
47.256 -31.472

41.850 -36.218
35.865 -40.213

29.414 -43.396
22.600 -45.708

22.600 -45.708
15.543 -47.112

15.543 -47.112
8.365 -47.581

1.184 -47.114
-5.870 -45.707

-5.870 -45.707
-12.680 -43.396

-19.134 -40.213
-25.118 -36.215

-42.448 -13.631
-44.761 -6.817

-44.761 -6.817
-46.165 0.240

-46.166 14.599
-44.759 21.653

-44.759 21.653
-42.448 28.463

-42.448 28.463
-39.265 34.917

-39.265 34.917
-35.268 40.901

-35.268 40.901
-30.525 46.307

-30.525 46.307
-25.119 51.053

-25.119 51.053
-19.135 55.048

-12.684 58.231
-5.870 60.544

8.367 72.418
8.366 67.418

16.850 71.860
16.195 66.906

25.189 70.201
23.895 65.372

33.240 67.472
31.326 62.849

40.864 63.707
38.364 59.378

47.936 58.987
44.890 55.018

54.326 53.379
50.790 49.844

64.656 39.919
60.326 37.419

68.418 32.293
63.797 30.377

73.365 7.416
68.365 7.417

72.807 -1.068
67.854 -0.412

71.149 -9.406
66.319 -8.112

64.654 -25.081
60.325 -22.581

40.867 -48.873
38.366 -44.543

25.188 -55.367
23.894 -50.538

16.849 -57.027
16.198 -52.067

8.363 -57.582
8.364 -52.582

-16.509 -52.636
-14.595 -48.014

-31.206 -44.151
-28.160 -40.182

-43.201 -32.152
-39.238 -29.107

-47.926 -25.084
-43.596 -22.583

-56.080 -1.066
-51.119 -0.415

-56.635 7.420
-51.635 7.419

-56.077 15.903
-51.123 15.248

-54.418 24.241
-49.589 22.947

-51.689 32.292
-47.066 30.378

-47.924 39.916
-43.595 37.417

-43.204 46.989
-39.235 43.943

-24.136 63.709
-21.636 59.379

23.895 65.372
31.326 62.849

50.790 49.844
55.969 43.943

55.969 43.943
60.326 37.419

68.365 7.417
67.854 -0.412

66.319 -8.112
63.797 -15.543

63.797 -15.543
60.325 -22.581

60.325 -22.581
55.965 -29.107

31.324 -48.014
23.894 -50.538

23.894 -50.538
16.198 -52.067

8.364 -52.582
0.535 -52.071

-14.595 -48.014
-21.634 -44.542

-28.160 -40.182
-34.060 -35.008

-34.060 -35.008
-39.238 -29.107

-49.590 -8.111
-51.119 -0.415

-39.235 43.943
-34.061 49.843

-28.160 55.021
-21.636 59.379

-21.636 59.379
-14.594 62.849

-9.752 75.033
-8.458 70.203

8.363 77.417
8.367 72.418

26.483 75.031
25.189 70.201

43.363 68.037
40.864 63.707

50.978 62.954
47.936 58.987

63.898 50.033
59.931 46.987

73.036 34.204
68.418 32.293

77.765 16.556
72.810 15.902

77.765 -1.722
72.807 -1.068

75.978 -10.700
71.149 -9.406

73.037 -19.372
68.419 -17.457

50.980 -48.115
47.935 -44.148

43.363 -53.205
40.867 -48.873

-0.774 -61.982
-0.120 -57.024

-18.424 -57.254
-16.509 -52.636

-26.633 -53.201
-24.133 -48.871

-34.248 -48.119
-31.206 -44.151

-41.131 -42.079
-37.595 -38.544

-59.250 -10.700
-54.420 -9.405

-61.034 -1.720
-56.080 -1.066

-47.171 50.031
-43.204 46.989

-34.250 62.950
-31.204 58.984

-8.458 70.203
-0.119 71.863

16.850 71.860
25.189 70.201

40.864 63.707
47.936 58.987

47.936 58.987
54.326 53.379

59.931 46.987
64.656 39.919

64.656 39.919
68.418 32.293

68.418 32.293
71.150 24.241

72.810 15.902
73.365 7.416

72.807 -1.068
71.149 -9.406

68.419 -17.457
64.654 -25.081

59.934 -32.154
54.327 -38.543

54.327 -38.543
47.935 -44.148

33.241 -52.635
25.188 -55.367

8.363 -57.582
-0.120 -57.024

-8.459 -55.366
-16.509 -52.636

-31.206 -44.151
-37.595 -38.544

-43.201 -32.152
-47.926 -25.084

-47.926 -25.084
-51.688 -17.458

-51.688 -17.458
-54.420 -9.405

-56.080 -1.066
-56.635 7.420

-56.635 7.420
-56.077 15.903

-56.077 15.903
-54.418 24.241

-51.689 32.292
-47.924 39.916

-47.924 39.916
-43.204 46.989

-43.204 46.989
-37.596 53.378

-31.204 58.984
-24.136 63.709

-24.136 63.709
-16.510 67.471

-11.046 79.862
-9.752 75.033

-1.424 81.778
-0.773 76.817

8.364 82.418
8.363 77.417

37.065 76.707
35.155 72.090

45.867 72.372
43.363 68.037

54.021 66.917
50.978 62.954

61.396 60.450
57.861 56.915

80.810 26.829
75.980 25.535

82.725 17.207
77.765 16.556

82.722 -2.371
77.765 -1.722

61.398 -45.613
57.862 -42.078

54.021 -52.083
50.980 -48.115

45.864 -57.535
43.363 -53.205

37.067 -61.875
35.151 -57.253

27.777 -65.027
26.482 -60.197

8.367 -67.582
8.367 -62.582

-1.423 -66.939
-0.774 -61.982

-20.334 -61.871
-18.424 -57.254

-65.995 -2.372
-61.034 -1.720

-66.635 7.416
-61.634 7.416

-60.924 36.117
-56.307 34.207

-51.134 53.074
-47.171 50.031

-44.667 60.449
-41.132 56.914

-29.134 72.371
-26.633 68.040

-20.337 76.710
-18.421 72.089

8.363 77.417
17.504 76.818

17.504 76.818
26.483 75.031

63.898 50.033
68.988 42.416

73.036 34.204
75.980 25.535

77.765 16.556
78.365 7.420

73.037 -19.372
68.984 -27.580

63.902 -35.195
57.862 -42.078

26.482 -60.197
17.503 -61.982

8.367 -62.582
-0.774 -61.982

-0.774 -61.982
-9.753 -60.195

-9.753 -60.195
-18.424 -57.254

-26.633 -53.201
-34.248 -48.119

-47.167 -35.197
-52.257 -27.580

-52.257 -27.580
-56.306 -19.368

-56.306 -19.368
-59.250 -10.700

-59.250 -10.700
-61.034 -1.720

-61.034 -1.720
-61.634 7.416

-61.634 7.416
-61.035 16.557

-59.248 25.536
-56.307 34.207

-56.307 34.207
-52.254 42.416

-52.254 42.416
-47.171 50.031

-34.250 62.950
-26.633 68.040

-12.340 84.692
-11.046 79.862

8.364 87.419
8.364 82.418

38.979 81.330
37.065 76.707

71.833 56.119
67.866 53.073

82.275 38.030
77.658 36.120

85.639 28.123
80.810 26.829

82.277 -23.196
77.654 -21.282

77.649 -32.583
73.320 -30.084

57.066 -56.050
54.021 -52.083

18.809 -71.897
18.155 -66.942

-31.636 -61.866
-29.136 -57.537

-40.338 -56.050
-37.291 -52.081

-60.918 -32.582
-56.588 -30.081

-65.545 -23.195
-60.927 -21.284

-68.909 -13.288
-64.079 -11.994

-71.636 7.417
-66.635 7.416

-70.950 17.860
-65.992 17.206

-68.907 28.124
-64.077 26.830

-65.547 38.031
-60.924 36.117

-55.103 56.121
-51.134 53.074

-40.336 70.886
-37.290 66.919

-31.635 76.701
-29.134 72.371

-22.247 81.328
-20.337 76.710

-11.046 79.862
-1.424 81.778

8.364 82.418
18.154 81.775

27.777 79.860
37.065 76.707

37.065 76.707
45.867 72.372

54.021 66.917
61.396 60.450

61.396 60.450
67.866 53.073

67.866 53.073
73.318 44.917

77.658 36.120
80.810 26.829

82.725 17.207
83.365 7.419

82.722 -2.371
80.808 -11.994

77.654 -21.282
73.320 -30.084

67.864 -38.238
61.398 -45.613

61.398 -45.613
54.021 -52.083

54.021 -52.083
45.864 -57.535

45.864 -57.535
37.067 -61.875

37.067 -61.875
27.777 -65.027

27.777 -65.027
18.155 -66.942

-11.047 -65.025
-20.334 -61.871

-29.136 -57.537
-37.291 -52.081

-37.291 -52.081
-44.666 -45.615

-51.136 -38.238
-56.588 -30.081

-60.927 -21.284
-64.079 -11.994

-65.992 17.206
-64.077 26.830

-60.924 36.117
-56.589 44.919

-51.134 53.074
-44.667 60.449

-37.290 66.919
-29.134 72.371

-8.217 90.787
-7.245 85.881

2.809 92.235
3.130 87.248

19.462 91.691
18.808 86.733

35.689 87.907
34.079 83.174

40.894 85.948
38.979 81.330

45.961 83.651
43.751 79.166

55.587 78.093
52.808 73.937

60.110 74.853
57.068 70.886

64.409 71.326
61.115 67.565

68.467 67.521
64.932 63.986

88.856 34.741
84.121 33.131

91.734 24.000
86.829 23.028

92.640 18.513
87.680 17.862

93.183 1.861
88.194 2.186

91.733 -9.165
86.829 -8.191

88.855 -19.906
84.122 -18.296

84.598 -30.178
80.113 -27.968

79.040 -39.804
74.884 -37.025

75.800 -44.327
71.833 -41.285

60.112 -60.017
57.066 -56.050

55.587 -63.259
52.811 -59.100

50.866 -66.196
48.365 -61.865

45.961 -68.814
43.747 -64.335

35.689 -73.073
34.078 -68.338

24.948 -75.951
23.975 -71.046

13.922 -77.399
13.600 -72.412

8.365 -77.584
8.366 -72.583

2.808 -77.400
3.133 -72.411

-8.218 -75.950
-7.244 -71.046

-13.635 -74.684
-12.341 -69.854

-18.959 -73.072
-17.349 -68.339

-24.163 -71.112
-22.248 -66.494

-47.679 -56.490
-44.385 -52.729

-51.737 -52.686
-48.201 -49.150

-55.542 -48.627
-51.782 -45.332

-65.248 -35.083
-60.918 -32.582

-73.739 -14.582
-68.909 -13.288

-75.004 -9.165
-70.098 -8.192

-75.910 -3.677
-70.949 -3.026

-76.452 1.861
-71.465 2.183

-76.453 12.975
-71.464 12.650

-72.124 34.742
-67.391 33.132

-67.868 45.013
-63.383 42.804

-65.248 49.918
-60.919 47.419

-55.543 63.462
-51.782 60.168

-47.680 71.325
-44.384 67.565

-38.856 78.094
-36.080 73.936

-29.231 83.650
-27.016 79.170

-24.164 85.950
-22.247 81.328

-7.245 85.881
-2.079 86.732

3.130 87.248
8.364 87.419

13.597 87.247
18.808 86.733

18.808 86.733
23.974 85.881

29.071 84.690
34.079 83.174

34.079 83.174
38.979 81.330

43.751 79.166
48.366 76.702

48.366 76.702
52.808 73.937

52.808 73.937
57.068 70.886

57.068 70.886
61.115 67.565

61.115 67.565
64.932 63.986

64.932 63.986
68.512 60.167

71.833 56.119
74.883 51.863

74.883 51.863
77.648 47.418

77.648 47.418
80.118 42.799

82.275 38.030
84.121 33.131

86.829 23.028
87.680 17.862

88.195 12.653
88.366 7.419

88.366 7.419
88.194 2.186

87.680 -3.025
86.829 -8.191

85.637 -13.288
84.122 -18.296

80.113 -27.968
77.649 -32.583

71.833 -41.285
68.512 -45.332

64.933 -49.149
61.115 -52.729

61.115 -52.729
57.066 -56.050

52.811 -59.100
48.365 -61.865

43.747 -64.335
38.978 -66.493

29.071 -69.856
23.975 -71.046

23.975 -71.046
18.809 -71.897

3.133 -72.411
-2.077 -71.898

-27.021 -64.330
-31.636 -61.866

-36.078 -59.101
-40.338 -56.050

-40.338 -56.050
-44.385 -52.729

-48.201 -49.150
-51.782 -45.332

-55.103 -41.283
-58.153 -37.028

-58.153 -37.028
-60.918 -32.582

-60.918 -32.582
-63.387 -27.964

-65.545 -23.195
-67.391 -18.295

-68.909 -13.288
-70.098 -8.192

-71.465 2.183
-71.636 7.417

-71.464 12.650
-70.950 17.860

-70.098 23.027
-68.907 28.124

-67.391 33.132
-65.547 38.031

-58.154 51.861
-55.103 56.121

-48.203 63.984
-44.384 67.565

-36.080 73.936
-31.635 76.701

-31.635 76.701
-27.016 79.170

-22.247 81.328
-17.348 83.174

-17.348 83.174
-12.340 84.692

-9.194 95.686
-8.217 90.787

2.481 97.225
2.809 92.235

20.111 96.648
19.462 91.691

25.922 95.690
24.948 90.785

31.659 94.349
30.365 89.519

42.809 90.566
40.894 85.948

48.170 88.136
45.961 83.651

58.366 82.249
55.587 78.093

72.003 71.057
68.467 67.521

76.032 66.758
72.272 63.463

79.768 62.205
75.800 59.164

96.633 24.977
91.734 24.000

97.595 19.167
92.640 18.513

98.172 13.302
93.182 12.974

95.296 -15.876
90.467 -14.582

93.586 -21.511
88.855 -19.906

91.513 -27.026
86.895 -25.111

89.083 -32.387
84.598 -30.178

67.706 -60.249
64.410 -56.489

42.804 -75.732
40.894 -71.114

37.293 -77.804
35.689 -73.073

31.659 -79.516
30.365 -74.686

25.924 -80.850
24.948 -75.951

20.115 -81.812
19.460 -76.857

14.249 -82.389
13.922 -77.399

-14.929 -79.513
-13.635 -74.684

-26.078 -75.730
-24.163 -71.112

-31.440 -73.300
-29.230 -68.815

-36.635 -70.525
-34.135 -66.195

-41.636 -67.413
-38.857 -63.257

-72.352 -32.390
-67.867 -30.179

-74.785 -27.021
-70.167 -25.111

-80.864 -4.332
-75.910 -3.677

-81.442 1.534
-76.452 1.861

-81.637 7.419
-76.636 7.418

-81.444 13.304
-76.453 12.975

-80.865 19.164
-75.908 18.514

-74.783 41.861
-70.165 39.946

-66.466 57.419
-62.310 54.640

-50.975 75.085
-47.680 71.325

-46.422 78.821
-43.381 74.853

-41.637 82.251
-38.856 78.094

-13.634 89.522
-8.217 90.787

-8.217 90.787
-2.730 91.693

2.809 92.235
8.365 92.419

13.922 92.236
19.462 91.691

30.365 89.519
35.689 87.907

40.894 85.948
45.961 83.651

50.866 81.031
55.587 78.093

68.467 67.521
72.272 63.463

72.272 63.463
75.800 59.164

75.800 59.164
79.042 54.639

79.042 54.639
81.978 49.919

81.978 49.919
84.597 45.014

86.897 39.947
88.856 34.741

88.856 34.741
90.469 29.417

90.469 29.417
91.734 24.000

93.367 7.418
93.183 1.861

93.183 1.861
92.639 -3.679

92.639 -3.679
91.733 -9.165

91.733 -9.165
90.467 -14.582

90.467 -14.582
88.855 -19.906

88.855 -19.906
86.895 -25.111

84.598 -30.178
81.978 -35.083

81.978 -35.083
79.040 -39.804

75.800 -44.327
72.273 -48.626

72.273 -48.626
68.469 -52.684

68.469 -52.684
64.410 -56.489

50.866 -66.196
45.961 -68.814

45.961 -68.814
40.894 -71.114

40.894 -71.114
35.689 -73.073

13.922 -77.399
8.365 -77.584

8.365 -77.584
2.808 -77.400

2.808 -77.400
-2.731 -76.856

-8.218 -75.950
-13.635 -74.684

-13.635 -74.684
-18.959 -73.072

-38.857 -63.257
-43.379 -60.017

-43.379 -60.017
-47.679 -56.490

-55.542 -48.627
-59.070 -44.329

-59.070 -44.329
-62.311 -39.804

-62.311 -39.804
-65.248 -35.083

-65.248 -35.083
-67.867 -30.179

-72.126 -19.906
-73.739 -14.582

-75.004 -9.165
-75.910 -3.677

-76.452 1.861
-76.636 7.418

-75.908 18.514
-75.002 24.001

-73.736 29.418
-72.124 34.742

-72.124 34.742
-70.165 39.946

-70.165 39.946
-67.868 45.013

-67.868 45.013
-65.248 49.918

-62.310 54.640
-59.070 59.162

-55.543 63.462
-51.738 67.520

-51.738 67.520
-47.680 71.325

-38.856 78.094
-34.136 81.031

-29.231 83.650
-24.164 85.950

-24.164 85.950
-18.958 87.909

-10.166 100.591
-9.194 95.686

-4.034 101.603
-3.384 96.647

14.576 102.216
14.252 97.226

20.765 101.606
20.111 96.648

32.954 99.178
31.659 94.349

71.003 78.844
67.704 75.082

87.357 60.196
83.199 57.420

90.639 54.920
86.309 52.419

93.568 49.437
89.083 47.225

98.322 37.956
93.587 36.346

100.128 32.006
95.298 30.712

103.163 13.630
98.172 13.302

103.368 7.416
98.367 7.417

101.541 -11.113
96.637 -10.139

100.126 -17.171
95.296 -15.876

83.732 -50.417
79.768 -47.369

79.791 -55.220
76.029 -51.921

75.540 -59.755
72.004 -56.220

66.198 -67.952
63.152 -63.985

61.143 -71.574
58.367 -67.416

50.384 -77.785
48.173 -73.300

44.720 -80.349
42.804 -75.732

38.903 -82.539
37.293 -77.804

32.953 -84.345
31.659 -79.516

20.765 -86.767
20.115 -81.812

14.577 -87.380
14.249 -82.389

8.364 -87.585
8.364 -82.584

-4.035 -86.771
-3.381 -81.813

-10.166 -85.758
-9.192 -80.854

-27.987 -80.352
-26.078 -75.730

-33.654 -77.786
-31.440 -73.300

-44.414 -71.574
-41.636 -67.413

-54.273 -64.008
-50.974 -60.246

-58.808 -59.757
-55.272 -56.221

-63.062 -55.218
-59.302 -51.923

-67.005 -50.415
-63.038 -47.369

-76.838 -34.601
-72.352 -32.390

-83.398 -17.170
-78.568 -15.876

-84.808 -11.114
-79.903 -10.141

-85.820 -4.982
-80.864 -4.332

-86.433 13.629
-81.444 13.304

-85.824 19.818
-80.865 19.164

-83.395 32.006
-78.566 30.712

-79.404 43.770
-74.783 41.861

-76.839 49.437
-72.353 47.223

-73.907 54.918
-69.578 52.418

-67.002 65.252
-63.038 62.204

-58.809 74.591
-55.274 71.055

-44.413 86.409
-41.637 82.251

-27.989 95.184
-26.074 90.568

-22.173 97.374
-20.563 92.640

-14.929 94.351
-9.194 95.686

-9.194 95.686
-3.384 96.647

2.481 97.225
8.366 97.420

8.366 97.420
14.252 97.226

25.922 95.690
31.659 94.349

31.659 94.349
37.294 92.639

48.170 88.136
53.365 85.361

58.366 82.249
63.152 78.821

83.199 57.420
86.309 52.419

86.309 52.419
89.083 47.225

91.515 41.857
93.587 36.346

93.587 36.346
95.298 30.712

98.174 1.531
97.596 -4.328

97.596 -4.328
96.637 -10.139

96.637 -10.139
95.296 -15.876

91.513 -27.026
89.083 -32.387

89.083 -32.387
86.308 -37.582

86.308 -37.582
83.196 -42.583

83.196 -42.583
79.768 -47.369

76.029 -51.921
72.004 -56.220

72.004 -56.220
67.706 -60.249

53.367 -70.526
48.173 -73.300

31.659 -79.516
25.924 -80.850

8.364 -82.584
2.479 -82.391

-9.192 -80.854
-14.929 -79.513

-20.564 -77.803
-26.078 -75.730

-26.078 -75.730
-31.440 -73.300

-36.635 -70.525
-41.636 -67.413

-41.636 -67.413
-46.421 -63.985

-46.421 -63.985
-50.974 -60.246

-59.302 -51.923
-63.038 -47.369

-63.038 -47.369
-66.468 -42.584

-69.578 -37.584
-72.352 -32.390

-74.785 -27.021
-76.857 -21.510

-76.857 -21.510
-78.568 -15.876

-80.864 -4.332
-81.442 1.534

-81.637 7.419
-81.444 13.304

-80.865 19.164
-79.907 24.975

-76.856 36.347
-74.783 41.861

-72.353 47.223
-69.578 52.418

-66.466 57.419
-63.038 62.204

-59.299 66.757
-55.274 71.055

-55.274 71.055
-50.975 75.085

-46.422 78.821
-41.637 82.251

-41.637 82.251
-36.637 85.361

-31.442 88.135
-26.074 90.568

21.419 106.565
20.765 101.606

27.876 105.494
26.896 100.594

34.246 104.013
32.954 99.178

52.594 97.106
50.385 92.621

58.365 94.020
55.865 89.690

63.923 90.565
61.144 86.410

74.298 82.599
71.003 78.844

79.078 78.129
75.538 74.592

87.702 68.296
83.735 65.251

106.443 26.927
101.539 25.949

107.511 20.468
102.550 19.817

108.153 13.958
103.163 13.630

100.752 -30.850
96.134 -28.934

98.054 -36.811
93.569 -34.602

91.513 -48.140
87.357 -45.361

69.243 -71.919
66.198 -67.952

58.364 -79.188
55.868 -74.856

40.509 -87.274
38.903 -82.539

27.874 -90.660
26.897 -85.756

21.416 -91.728
20.765 -86.767

14.905 -92.370
14.577 -87.380

-4.689 -91.729
-4.035 -86.771

-17.516 -89.177
-16.223 -84.343

-23.777 -87.273
-22.172 -82.541

-52.511 -71.916
-49.469 -67.949

-78.240 -42.581
-73.909 -40.085

-81.323 -36.812
-76.838 -34.601

-86.327 -24.726
-81.591 -23.120

-90.780 -5.633
-85.820 -4.982

-91.422 0.878
-86.432 1.206

-89.711 26.929
-84.811 25.949

-88.230 33.299
-83.395 32.006

-84.022 45.685
-79.404 43.770

-81.323 51.647
-76.839 49.437

-70.969 68.294
-67.002 65.252

-66.816 73.351
-63.061 70.056

-62.346 78.131
-58.809 74.591

-57.570 82.599
-54.271 78.845

-41.634 94.023
-39.137 89.692

-16.223 99.181
-10.166 100.591

2.153 102.215
8.367 102.420

8.367 102.420
14.576 102.216

14.576 102.216
20.765 101.606

32.954 99.178
38.903 97.377

38.903 97.377
44.717 95.187

66.199 82.785
71.003 78.844

75.538 74.592
79.793 70.054

83.735 65.251
87.357 60.196

93.568 49.437
96.132 43.772

96.132 43.772
98.322 37.956

103.163 13.630
103.368 7.416

103.163 1.207
102.554 -4.982

102.554 -4.982
101.541 -11.113

98.324 -23.120
96.134 -28.934

93.569 -34.602
90.637 -40.082

87.357 -45.361
83.732 -50.417

75.540 -59.755
71.001 -64.010

71.001 -64.010
66.198 -67.952

61.143 -71.574
55.868 -74.856

55.868 -74.856
50.384 -77.785

32.953 -84.345
26.897 -85.756

14.577 -87.380
8.364 -87.585

2.154 -87.380
-4.035 -86.771

-10.166 -85.758
-16.223 -84.343

-22.172 -82.541
-27.987 -80.352

-39.135 -74.854
-44.414 -71.574

-54.273 -64.008
-58.808 -59.757

-58.808 -59.757
-63.062 -55.218

-67.005 -50.415
-70.626 -45.360

-70.626 -45.360
-73.909 -40.085

-79.401 -28.937
-81.591 -23.120

-81.591 -23.120
-83.398 -17.170

-84.808 -11.114
-85.820 -4.982

-86.432 1.206
-86.637 7.419

-86.433 13.629
-85.824 19.818

-83.395 32.006
-81.594 37.955

-70.627 60.197
-67.002 65.252

-49.468 82.788
-44.413 86.409

-44.413 86.409
-39.137 89.692

-39.137 89.692
-33.654 92.621

-33.654 92.621
-27.989 95.184

-27.989 95.184
-22.173 97.374

-22.173 97.374
-16.223 99.181

-17.517 104.010
-11.144 105.495

-11.144 105.495
-4.685 106.563

-4.685 106.563
1.825 107.205

1.825 107.205
8.363 107.420

8.363 107.420
14.906 107.206

14.906 107.206
21.419 106.565

21.419 106.565
27.876 105.494

27.876 105.494
34.246 104.013

34.246 104.013
40.508 102.108

40.508 102.108
46.632 99.805

46.632 99.805
52.594 97.106

52.594 97.106
58.365 94.020

58.365 94.020
63.923 90.565

63.923 90.565
69.241 86.752

69.241 86.752
74.298 82.599

74.298 82.599
79.078 78.129

79.078 78.129
83.547 73.353

83.547 73.353
87.702 68.296

87.702 68.296
91.514 62.976

91.514 62.976
94.971 57.417

94.971 57.417
98.054 51.648

98.054 51.648
100.753 45.689

100.753 45.689
103.057 39.561

103.057 39.561
104.958 33.300

104.958 33.300
106.443 26.927

106.443 26.927
107.511 20.468

107.511 20.468
108.153 13.958

108.153 13.958
108.367 7.420

108.367 7.420
108.153 0.877

108.153 0.877
107.512 -5.636

107.512 -5.636
106.442 -12.093

106.442 -12.093
104.960 -18.463

104.960 -18.463
103.056 -24.725

103.056 -24.725
100.752 -30.850

100.752 -30.850
98.054 -36.811

98.054 -36.811
94.967 -42.582

94.967 -42.582
91.513 -48.140

91.513 -48.140
87.699 -53.458

87.699 -53.458
83.547 -58.515

83.547 -58.515
79.076 -63.295

79.076 -63.295
74.300 -67.764

74.300 -67.764
69.243 -71.919

69.243 -71.919
63.924 -75.731

63.924 -75.731
58.364 -79.188

58.364 -79.188
52.595 -82.271

52.595 -82.271
46.636 -84.970

46.636 -84.970
40.509 -87.274

40.509 -87.274
34.247 -89.175

34.247 -89.175
27.874 -90.660

27.874 -90.660
21.416 -91.728

21.416 -91.728
14.905 -92.370

14.905 -92.370
8.368 -92.584

8.368 -92.584
1.824 -92.370

1.824 -92.370
-4.689 -91.729

-4.689 -91.729
-11.146 -90.659

-11.146 -90.659
-17.516 -89.177

-17.516 -89.177
-23.777 -87.273

-23.777 -87.273
-29.902 -84.970

-29.902 -84.970
-35.864 -82.271

-35.864 -82.271
-41.634 -79.184

-41.634 -79.184
-47.193 -75.730

-47.193 -75.730
-52.511 -71.916

-52.511 -71.916
-57.568 -67.764

-57.568 -67.764
-62.348 -63.293

-62.348 -63.293
-66.816 -58.517

-66.816 -58.517
-70.972 -53.460

-70.972 -53.460
-74.783 -48.141

-74.783 -48.141
-78.240 -42.581

-78.240 -42.581
-81.323 -36.812

-81.323 -36.812
-84.023 -30.853

-84.023 -30.853
-86.327 -24.726

-86.327 -24.726
-88.227 -18.464

-88.227 -18.464
-89.712 -12.091

-89.712 -12.091
-90.780 -5.633

-90.780 -5.633
-91.422 0.878

-91.422 0.878
-91.637 7.415

-91.637 7.415
-91.423 13.959

-91.423 13.959
-90.782 20.472

-90.782 20.472
-89.711 26.929

-89.711 26.929
-88.230 33.299

-88.230 33.299
-86.325 39.560

-86.325 39.560
-84.022 45.685

-84.022 45.685
-81.323 51.647

-81.323 51.647
-78.237 57.417

-78.237 57.417
-74.782 62.976

-74.782 62.976
-70.969 68.294

-70.969 68.294
-66.816 73.351

-66.816 73.351
-62.346 78.131

-62.346 78.131
-57.570 82.599

-57.570 82.599
-52.513 86.755

-52.513 86.755
-47.193 90.566

-47.193 90.566
-41.634 94.023

-41.634 94.023
-35.865 97.106

-35.865 97.106
-29.906 99.806

-29.906 99.806
-23.778 102.110

-23.778 102.110
-17.517 104.010

