-75.000 -75.000
75.000 -75.000

75.000 -75.000
75.000 75.000

75.000 75.000
-75.000 75.000

-75.000 75.000
-75.000 -75.000

-66.921 -95.573
95.573 -66.921

95.573 -66.921
66.921 95.573

66.921 95.573
-95.573 66.921

-95.573 66.921
-66.921 -95.573

-53.791 -115.354
115.354 -53.791

115.354 -53.791
53.791 115.354

53.791 115.354
-115.354 53.791

-115.354 53.791
-53.791 -115.354

-35.687 -133.187
133.187 -35.687

133.187 -35.687
35.687 133.187

35.687 133.187
-133.187 35.687

-133.187 35.687
-35.687 -133.187

-12.942 -147.927
147.927 -12.942

147.927 -12.942
12.942 147.927

12.942 147.927
-147.927 12.942

-147.927 12.942
-12.942 -147.927

13.866 -158.494
158.494 13.866

158.494 13.866
-13.866 158.494

-13.866 158.494
-158.494 -13.866

-158.494 -13.866
13.866 -158.494

43.923 -163.923
163.923 43.923

163.923 43.923
-43.923 163.923

-43.923 163.923
-163.923 -43.923

-163.923 -43.923
43.923 -163.923

76.203 -163.418
163.418 76.203

163.418 76.203
-76.203 163.418

-76.203 163.418
-163.418 -76.203

-163.418 -76.203
76.203 -163.418

