-756.000 856.000
-756.000 -467.000

-756.000 -467.000
756.000 -467.000

756.000 -467.000
756.000 856.000

-189.000 -467.000
-189.000 648.100

-189.000 648.100
189.000 648.100

189.000 648.100
189.000 -467.000

264.600 667.000
264.600 100.000

264.600 100.000
642.600 100.000

642.600 100.000
642.600 667.000

642.600 667.000
264.600 667.000

264.600 402.400
642.600 402.400

453.600 667.000
453.600 100.000

-642.600 402.400
-264.600 402.400

-642.600 667.000
-642.600 100.000

-642.600 100.000
-264.600 100.000

-264.600 100.000
-264.600 667.000

-264.600 667.000
-642.600 667.000

-453.600 667.000
-453.600 100.000

-945.000 667.000
0.000 1612.000

0.000 1612.000
945.000 667.000

756.000 100.000
2079.000 100.000

-2079.000 100.000
-756.000 100.000

-567.000 1045.000
-567.000 1423.000

-567.000 1423.000
-378.000 1423.000

-378.000 1423.000
-378.000 1234.000

-1100.000 324.000
-1100.000 -90.000

-1193.600 -363.600
-1100.000 -90.000

-1100.000 -90.000
-1010.000 -360.000

-1100.000 252.000
-1334.000 162.000

-1100.000 252.000
-866.000 162.000

1100.000 324.000
1100.000 -90.000

1006.400 -363.600
1100.000 -90.000

1100.000 -90.000
1190.000 -360.000

1100.000 252.000
866.000 162.000

1100.000 252.000
1334.000 162.000

-1089.200 496.400
-1056.800 485.600

-1056.800 485.600
-1024.400 453.200

-1024.400 453.200
-1013.600 420.800

-1013.600 420.800
-1013.600 399.200

-1013.600 399.200
-1024.400 366.800

-1024.400 366.800
-1056.800 334.400

-1056.800 334.400
-1089.200 323.600

-1089.200 323.600
-1110.800 323.600

-1110.800 323.600
-1143.200 334.400

-1143.200 334.400
-1175.600 366.800

-1175.600 366.800
-1186.400 399.200

-1186.400 399.200
-1186.400 420.800

-1186.400 420.800
-1175.600 453.200

-1175.600 453.200
-1143.200 485.600

-1143.200 485.600
-1110.800 496.400

-1110.800 496.400
-1089.200 496.400

-1154.000 377.600
-1132.400 362.480

-1132.400 362.480
-1110.800 356.000

-1110.800 356.000
-1089.200 356.000

-1089.200 356.000
-1067.600 362.480

-1067.600 362.480
-1046.000 377.600

-1074.080 440.240
-1063.280 435.920

-1063.280 435.920
-1061.120 427.280

-1061.120 427.280
-1063.280 418.640

-1063.280 418.640
-1074.080 414.320

-1074.080 414.320
-1084.880 418.640

-1084.880 418.640
-1087.040 427.280

-1087.040 427.280
-1084.880 435.920

-1084.880 435.920
-1074.080 440.240

-1125.920 440.240
-1115.120 435.920

-1115.120 435.920
-1112.960 427.280

-1112.960 427.280
-1115.120 418.640

-1115.120 418.640
-1125.920 414.320

-1125.920 414.320
-1136.720 418.640

-1136.720 418.640
-1138.880 427.280

-1138.880 427.280
-1136.720 435.920

-1136.720 435.920
-1125.920 440.240

1110.800 496.400
1143.200 485.600

1143.200 485.600
1175.600 453.200

1175.600 453.200
1186.400 420.800

1186.400 420.800
1186.400 399.200

1186.400 399.200
1175.600 366.800

1175.600 366.800
1143.200 334.400

1143.200 334.400
1110.800 323.600

1110.800 323.600
1089.200 323.600

1089.200 323.600
1056.800 334.400

1056.800 334.400
1024.400 366.800

1024.400 366.800
1013.600 399.200

1013.600 399.200
1013.600 420.800

1013.600 420.800
1024.400 453.200

1024.400 453.200
1056.800 485.600

1056.800 485.600
1089.200 496.400

1089.200 496.400
1110.800 496.400

1125.920 440.240
1136.720 435.920

1136.720 435.920
1138.880 427.280

1138.880 427.280
1136.720 418.640

1136.720 418.640
1125.920 414.320

1125.920 414.320
1115.120 418.640

1115.120 418.640
1112.960 427.280

1112.960 427.280
1115.120 435.920

1115.120 435.920
1125.920 440.240

1074.080 440.240
1084.880 435.920

1084.880 435.920
1087.040 427.280

1087.040 427.280
1084.880 418.640

1084.880 418.640
1074.080 414.320

1074.080 414.320
1063.280 418.640

1063.280 418.640
1061.120 427.280

1061.120 427.280
1063.280 435.920

1063.280 435.920
1074.080 440.240

1154.000 362.480
1132.400 377.600

1132.400 377.600
1110.800 384.080

1110.800 384.080
1089.200 384.080

1089.200 384.080
1067.600 377.600

1067.600 377.600
1046.000 362.480

