75.000 75.000
73.559 89.632

73.559 89.632
69.291 103.701

69.291 103.701
62.360 116.668

62.360 116.668
53.033 128.033

53.033 128.033
41.668 137.360

41.668 137.360
28.701 144.291

28.701 144.291
14.632 148.559

14.632 148.559
0.000 150.000

0.000 150.000
-14.632 148.559

-14.632 148.559
-28.701 144.291

-28.701 144.291
-41.668 137.360

-41.668 137.360
-53.033 128.033

-53.033 128.033
-62.360 116.668

-62.360 116.668
-69.291 103.701

-69.291 103.701
-73.559 89.632

-73.559 89.632
-75.000 75.000

-75.000 75.000
-73.559 60.368

-73.559 60.368
-69.291 46.299

-69.291 46.299
-62.360 33.332

-62.360 33.332
-53.033 21.967

-53.033 21.967
-41.668 12.640

-41.668 12.640
-28.701 5.709

-28.701 5.709
-14.632 1.441

-14.632 1.441
0.000 0.000

0.000 0.000
14.632 1.441

14.632 1.441
28.701 5.709

28.701 5.709
41.668 12.640

41.668 12.640
53.033 21.967

53.033 21.967
62.360 33.332

62.360 33.332
69.291 46.299

69.291 46.299
73.559 60.368

73.559 60.368
75.000 75.000

139.950 37.500
138.509 52.132

138.509 52.132
134.241 66.201

134.241 66.201
127.310 79.168

127.310 79.168
117.983 90.533

117.983 90.533
106.618 99.860

106.618 99.860
93.651 106.791

93.651 106.791
79.582 111.059

79.582 111.059
64.950 112.500

64.950 112.500
50.318 111.059

50.318 111.059
36.249 106.791

36.249 106.791
23.282 99.860

23.282 99.860
11.917 90.533

11.917 90.533
2.590 79.168

2.590 79.168
-4.341 66.201

-4.341 66.201
-8.609 52.132

-8.609 52.132
-10.050 37.500

-10.050 37.500
-8.609 22.868

-8.609 22.868
-4.341 8.799

-4.341 8.799
2.590 -4.168

2.590 -4.168
11.917 -15.533

11.917 -15.533
23.282 -24.860

23.282 -24.860
36.249 -31.791

36.249 -31.791
50.318 -36.059

50.318 -36.059
64.950 -37.500

64.950 -37.500
79.582 -36.059

79.582 -36.059
93.651 -31.791

93.651 -31.791
106.618 -24.860

106.618 -24.860
117.983 -15.533

117.983 -15.533
127.310 -4.168

127.310 -4.168
134.241 8.799

134.241 8.799
138.509 22.868

138.509 22.868
139.950 37.500

10.050 37.500
8.609 52.132

8.609 52.132
4.341 66.201

4.341 66.201
-2.590 79.168

-2.590 79.168
-11.917 90.533

-11.917 90.533
-23.282 99.860

-23.282 99.860
-36.249 106.791

-36.249 106.791
-50.318 111.059

-50.318 111.059
-64.950 112.500

-64.950 112.500
-79.582 111.059

-79.582 111.059
-93.651 106.791

-93.651 106.791
-106.618 99.860

-106.618 99.860
-117.983 90.533

-117.983 90.533
-127.310 79.168

-127.310 79.168
-134.241 66.201

-134.241 66.201
-138.509 52.132

-138.509 52.132
-139.950 37.500

-139.950 37.500
-138.509 22.868

-138.509 22.868
-134.241 8.799

-134.241 8.799
-127.310 -4.168

-127.310 -4.168
-117.983 -15.533

-117.983 -15.533
-106.618 -24.860

-106.618 -24.860
-93.651 -31.791

-93.651 -31.791
-79.582 -36.059

-79.582 -36.059
-64.950 -37.500

-64.950 -37.500
-50.318 -36.059

-50.318 -36.059
-36.249 -31.791

-36.249 -31.791
-23.282 -24.860

-23.282 -24.860
-11.917 -15.533

-11.917 -15.533
-2.590 -4.168

-2.590 -4.168
4.341 8.799

4.341 8.799
8.609 22.868

8.609 22.868
10.050 37.500

75.000 -75.000
73.559 -60.368

73.559 -60.368
69.291 -46.299

69.291 -46.299
62.360 -33.332

62.360 -33.332
53.033 -21.967

53.033 -21.967
41.668 -12.640

41.668 -12.640
28.701 -5.709

28.701 -5.709
14.632 -1.441

14.632 -1.441
0.000 0.000

0.000 0.000
-14.632 -1.441

-14.632 -1.441
-28.701 -5.709

-28.701 -5.709
-41.668 -12.640

-41.668 -12.640
-53.033 -21.967

-53.033 -21.967
-62.360 -33.332

-62.360 -33.332
-69.291 -46.299

-69.291 -46.299
-73.559 -60.368

-73.559 -60.368
-75.000 -75.000

-75.000 -75.000
-73.559 -89.632

-73.559 -89.632
-69.291 -103.701

-69.291 -103.701
-62.360 -116.668

-62.360 -116.668
-53.033 -128.033

-53.033 -128.033
-41.668 -137.360

-41.668 -137.360
-28.701 -144.291

-28.701 -144.291
-14.632 -148.559

-14.632 -148.559
0.000 -150.000

0.000 -150.000
14.632 -148.559

14.632 -148.559
28.701 -144.291

28.701 -144.291
41.668 -137.360

41.668 -137.360
53.033 -128.033

53.033 -128.033
62.360 -116.668

62.360 -116.668
69.291 -103.701

69.291 -103.701
73.559 -89.632

73.559 -89.632
75.000 -75.000

139.950 -37.500
138.509 -22.868

138.509 -22.868
134.241 -8.799

134.241 -8.799
127.310 4.168

127.310 4.168
117.983 15.533

117.983 15.533
106.618 24.860

106.618 24.860
93.651 31.791

93.651 31.791
79.582 36.059

79.582 36.059
64.950 37.500

64.950 37.500
50.318 36.059

50.318 36.059
36.249 31.791

36.249 31.791
23.282 24.860

23.282 24.860
11.917 15.533

11.917 15.533
2.590 4.168

2.590 4.168
-4.341 -8.799

-4.341 -8.799
-8.609 -22.868

-8.609 -22.868
-10.050 -37.500

-10.050 -37.500
-8.609 -52.132

-8.609 -52.132
-4.341 -66.201

-4.341 -66.201
2.590 -79.168

2.590 -79.168
11.917 -90.533

11.917 -90.533
23.282 -99.860

23.282 -99.860
36.249 -106.791

36.249 -106.791
50.318 -111.059

50.318 -111.059
64.950 -112.500

64.950 -112.500
79.582 -111.059

79.582 -111.059
93.651 -106.791

93.651 -106.791
106.618 -99.860

106.618 -99.860
117.983 -90.533

117.983 -90.533
127.310 -79.168

127.310 -79.168
134.241 -66.201

134.241 -66.201
138.509 -52.132

138.509 -52.132
139.950 -37.500

10.050 -37.500
8.609 -22.868

8.609 -22.868
4.341 -8.799

4.341 -8.799
-2.590 4.168

-2.590 4.168
-11.917 15.533

-11.917 15.533
-23.282 24.860

-23.282 24.860
-36.249 31.791

-36.249 31.791
-50.318 36.059

-50.318 36.059
-64.950 37.500

-64.950 37.500
-79.582 36.059

-79.582 36.059
-93.651 31.791

-93.651 31.791
-106.618 24.860

-106.618 24.860
-117.983 15.533

-117.983 15.533
-127.310 4.168

-127.310 4.168
-134.241 -8.799

-134.241 -8.799
-138.509 -22.868

-138.509 -22.868
-139.950 -37.500

-139.950 -37.500
-138.509 -52.132

-138.509 -52.132
-134.241 -66.201

-134.241 -66.201
-127.310 -79.168

-127.310 -79.168
-117.983 -90.533

-117.983 -90.533
-106.618 -99.860

-106.618 -99.860
-93.651 -106.791

-93.651 -106.791
-79.582 -111.059

-79.582 -111.059
-64.950 -112.500

-64.950 -112.500
-50.318 -111.059

-50.318 -111.059
-36.249 -106.791

-36.249 -106.791
-23.282 -99.860

-23.282 -99.860
-11.917 -90.533

-11.917 -90.533
-2.590 -79.168

-2.590 -79.168
4.341 -66.201

4.341 -66.201
8.609 -52.132

8.609 -52.132
10.050 -37.500

