27.000 216.000
108.000 189.000

108.000 189.000
189.000 108.000

189.000 108.000
216.000 27.000

216.000 27.000
216.000 -27.000

216.000 -27.000
189.000 -108.000

189.000 -108.000
108.000 -189.000

108.000 -189.000
27.000 -216.000

27.000 -216.000
-27.000 -216.000

-27.000 -216.000
-108.000 -189.000

-108.000 -189.000
-189.000 -108.000

-189.000 -108.000
-216.000 -27.000

-216.000 -27.000
-216.000 27.000

-216.000 27.000
-189.000 108.000

-189.000 108.000
-108.000 189.000

-108.000 189.000
-27.000 216.000

-27.000 216.000
27.000 216.000

-135.000 -81.000
-81.000 -118.800

-81.000 -118.800
-27.000 -135.000

-27.000 -135.000
27.000 -135.000

27.000 -135.000
81.000 -118.800

81.000 -118.800
135.000 -81.000

64.800 75.600
91.800 64.800

91.800 64.800
97.200 43.200

97.200 43.200
91.800 21.600

91.800 21.600
64.800 10.800

64.800 10.800
37.800 21.600

37.800 21.600
32.400 43.200

32.400 43.200
37.800 64.800

37.800 64.800
64.800 75.600

-64.800 75.600
-37.800 64.800

-37.800 64.800
-32.400 43.200

-32.400 43.200
-37.800 21.600

-37.800 21.600
-64.800 10.800

-64.800 10.800
-91.800 21.600

-91.800 21.600
-97.200 43.200

-97.200 43.200
-91.800 64.800

-91.800 64.800
-64.800 75.600

