-108.000 108.000
-108.000 -81.000

-108.000 -81.000
108.000 -81.000

108.000 -81.000
108.000 108.000

-27.000 -81.000
-27.000 78.300

-27.000 78.300
27.000 78.300

27.000 78.300
27.000 -81.000

37.800 81.000
37.800 0.000

37.800 0.000
91.800 0.000

91.800 0.000
91.800 81.000

91.800 81.000
37.800 81.000

37.800 43.200
91.800 43.200

64.800 81.000
64.800 0.000

-91.800 43.200
-37.800 43.200

-91.800 81.000
-91.800 0.000

-91.800 0.000
-37.800 0.000

-37.800 0.000
-37.800 81.000

-37.800 81.000
-91.800 81.000

-64.800 81.000
-64.800 0.000

-135.000 81.000
0.000 216.000

0.000 216.000
135.000 81.000

108.000 0.000
297.000 0.000

-297.000 0.000
-108.000 0.000

-81.000 135.000
-81.000 189.000

-81.000 189.000
-54.000 189.000

-54.000 189.000
-54.000 162.000

