0.000 2.000
0.000 1.000

1.732 -1.000
0.866 -0.500

0.000 -2.000
0.000 -1.000

-1.732 1.000
-0.866 0.500

0.000 1.000
0.866 0.500

0.866 0.500
0.866 -0.500

0.000 -1.000
-0.866 -0.500

-0.866 -0.500
-0.866 0.500

-0.866 0.500
0.000 1.000

0.000 3.000
0.000 2.000

3.000 0.000
2.000 0.000

1.500 -2.598
1.000 -1.732

0.000 -3.000
0.000 -2.000

-1.500 -2.598
-1.000 -1.732

-3.000 0.000
-2.000 0.000

-2.598 1.500
-1.732 1.000

-1.500 2.598
-1.000 1.732

0.000 2.000
1.000 1.732

1.732 1.000
2.000 0.000

2.000 0.000
1.732 -1.000

1.000 -1.732
0.000 -2.000

-1.000 -1.732
-1.732 -1.000

-1.732 -1.000
-2.000 0.000

2.000 3.464
1.500 2.598

3.464 -2.000
2.598 -1.500

0.000 -4.000
0.000 -3.000

0.000 3.000
1.500 2.598

2.598 1.500
3.000 0.000

2.598 -1.500
1.500 -2.598

-2.598 -1.500
-3.000 0.000

-3.000 0.000
-2.598 1.500

-1.500 2.598
0.000 3.000

0.000 5.000
0.000 4.000

1.294 4.830
1.035 3.864

3.536 3.536
2.828 2.828

4.830 1.294
3.864 1.035

4.330 -2.500
3.464 -2.000

3.536 -3.536
2.828 -2.828

2.500 -4.330
2.000 -3.464

1.294 -4.830
1.035 -3.864

-1.294 -4.830
-1.035 -3.864

-2.500 -4.330
-2.000 -3.464

-3.536 -3.536
-2.828 -2.828

-4.830 -1.294
-3.864 -1.035

-4.330 2.500
-3.464 2.000

-1.294 4.830
-1.035 3.864

1.035 3.864
2.000 3.464

2.000 3.464
2.828 2.828

2.828 2.828
3.464 2.000

3.864 1.035
4.000 0.000

3.864 -1.035
3.464 -2.000

3.464 -2.000
2.828 -2.828

2.000 -3.464
1.035 -3.864

1.035 -3.864
0.000 -4.000

-2.828 -2.828
-3.464 -2.000

-4.000 0.000
-3.864 1.035

-3.864 1.035
-3.464 2.000

-2.828 2.828
-2.000 3.464

-2.000 3.464
-1.035 3.864

1.553 5.796
1.294 4.830

4.243 4.243
3.536 3.536

5.796 1.553
4.830 1.294

6.000 0.000
5.000 0.000

5.196 -3.000
4.330 -2.500

4.243 -4.243
3.536 -3.536

1.553 -5.796
1.294 -4.830

0.000 -6.000
0.000 -5.000

-1.553 -5.796
-1.294 -4.830

-5.796 -1.553
-4.830 -1.294

-6.000 0.000
-5.000 0.000

-5.796 1.553
-4.830 1.294

-5.196 3.000
-4.330 2.500

-4.243 4.243
-3.536 3.536

-3.000 5.196
-2.500 4.330

-1.553 5.796
-1.294 4.830

0.000 5.000
1.294 4.830

2.500 4.330
3.536 3.536

3.536 3.536
4.330 2.500

4.330 2.500
4.830 1.294

4.830 1.294
5.000 0.000

5.000 0.000
4.830 -1.294

-1.294 -4.830
-2.500 -4.330

-2.500 -4.330
-3.536 -3.536

-3.536 -3.536
-4.330 -2.500

-4.330 -2.500
-4.830 -1.294

-2.500 4.330
-1.294 4.830

-1.294 4.830
0.000 5.000

6.062 3.500
5.196 3.000

6.761 1.812
5.796 1.553

7.000 0.000
6.000 0.000

4.950 -4.950
4.243 -4.243

3.500 -6.062
3.000 -5.196

0.000 -7.000
0.000 -6.000

-1.812 -6.761
-1.553 -5.796

-3.500 -6.062
-3.000 -5.196

-4.950 -4.950
-4.243 -4.243

-6.062 -3.500
-5.196 -3.000

-7.000 0.000
-6.000 0.000

-6.761 1.812
-5.796 1.553

-6.062 3.500
-5.196 3.000

-4.950 4.950
-4.243 4.243

-3.500 6.062
-3.000 5.196

-1.812 6.761
-1.553 5.796

0.000 6.000
1.553 5.796

3.000 5.196
4.243 4.243

4.243 4.243
5.196 3.000

6.000 0.000
5.796 -1.553

3.000 -5.196
1.553 -5.796

1.553 -5.796
0.000 -6.000

-1.553 -5.796
-3.000 -5.196

-4.243 -4.243
-5.196 -3.000

-5.196 -3.000
-5.796 -1.553

-5.796 -1.553
-6.000 0.000

-6.000 0.000
-5.796 1.553

-5.196 3.000
-4.243 4.243

-4.243 4.243
-3.000 5.196

0.000 8.000
0.000 7.000

8.000 0.000
7.000 0.000

6.928 -4.000
6.062 -3.500

5.657 -5.657
4.950 -4.950

0.000 -8.000
0.000 -7.000

-6.928 4.000
-6.062 3.500

0.000 7.000
1.812 6.761

1.812 6.761
3.500 6.062

3.500 6.062
4.950 4.950

7.000 0.000
6.761 -1.812

1.812 -6.761
0.000 -7.000

-6.761 -1.812
-7.000 0.000

-6.761 1.812
-6.062 3.500

1.175 8.923
1.044 7.932

2.329 8.693
2.071 7.727

4.500 7.794
4.000 6.928

5.479 7.140
4.870 6.347

6.364 6.364
5.657 5.657

7.140 5.479
6.347 4.870

8.315 3.444
7.391 3.061

8.923 1.175
7.932 1.044

9.000 0.000
8.000 0.000

8.923 -1.175
7.932 -1.044

8.693 -2.329
7.727 -2.071

8.315 -3.444
7.391 -3.061

7.794 -4.500
6.928 -4.000

6.364 -6.364
5.657 -5.657

5.479 -7.140
4.870 -6.347

4.500 -7.794
4.000 -6.928

2.329 -8.693
2.071 -7.727

1.175 -8.923
1.044 -7.932

-3.444 -8.315
-3.061 -7.391

-4.500 -7.794
-4.000 -6.928

-5.479 -7.140
-4.870 -6.347

-6.364 -6.364
-5.657 -5.657

-7.140 -5.479
-6.347 -4.870

-7.794 -4.500
-6.928 -4.000

-8.315 -3.444
-7.391 -3.061

-8.693 -2.329
-7.727 -2.071

-8.693 2.329
-7.727 2.071

-8.315 3.444
-7.391 3.061

-7.140 5.479
-6.347 4.870

-6.364 6.364
-5.657 5.657

-5.479 7.140
-4.870 6.347

-4.500 7.794
-4.000 6.928

-3.444 8.315
-3.061 7.391

-2.329 8.693
-2.071 7.727

-1.175 8.923
-1.044 7.932

1.044 7.932
2.071 7.727

2.071 7.727
3.061 7.391

3.061 7.391
4.000 6.928

4.000 6.928
4.870 6.347

4.870 6.347
5.657 5.657

5.657 5.657
6.347 4.870

6.347 4.870
6.928 4.000

6.928 4.000
7.391 3.061

7.391 3.061
7.727 2.071

7.932 1.044
8.000 0.000

7.932 -1.044
7.727 -2.071

6.928 -4.000
6.347 -4.870

6.347 -4.870
5.657 -5.657

4.870 -6.347
4.000 -6.928

3.061 -7.391
2.071 -7.727

-1.044 -7.932
-2.071 -7.727

-2.071 -7.727
-3.061 -7.391

-7.932 -1.044
-8.000 0.000

-8.000 0.000
-7.932 1.044

-7.932 1.044
-7.727 2.071

-6.928 4.000
-6.347 4.870

-1.044 7.932
0.000 8.000

0.000 10.000
0.000 9.000

1.305 9.914
1.175 8.923

3.827 9.239
3.444 8.315

7.934 6.088
7.140 5.479

8.660 5.000
7.794 4.500

9.914 1.305
8.923 1.175

9.914 -1.305
8.923 -1.175

9.239 -3.827
8.315 -3.444

7.934 -6.088
7.140 -5.479

7.071 -7.071
6.364 -6.364

6.088 -7.934
5.479 -7.140

5.000 -8.660
4.500 -7.794

2.588 -9.659
2.329 -8.693

0.000 -10.000
0.000 -9.000

-1.305 -9.914
-1.175 -8.923

-2.588 -9.659
-2.329 -8.693

-3.827 -9.239
-3.444 -8.315

-6.088 -7.934
-5.479 -7.140

-7.934 -6.088
-7.140 -5.479

-8.660 -5.000
-7.794 -4.500

-9.659 -2.588
-8.693 -2.329

-10.000 0.000
-9.000 0.000

-9.659 2.588
-8.693 2.329

-7.071 7.071
-6.364 6.364

-5.000 8.660
-4.500 7.794

0.000 9.000
1.175 8.923

2.329 8.693
3.444 8.315

7.794 4.500
8.315 3.444

8.315 3.444
8.693 2.329

9.000 0.000
8.923 -1.175

8.315 -3.444
7.794 -4.500

7.140 -5.479
6.364 -6.364

6.364 -6.364
5.479 -7.140

3.444 -8.315
2.329 -8.693

2.329 -8.693
1.175 -8.923

1.175 -8.923
0.000 -9.000

-1.175 -8.923
-2.329 -8.693

-2.329 -8.693
-3.444 -8.315

-4.500 -7.794
-5.479 -7.140

-5.479 -7.140
-6.364 -6.364

-7.794 -4.500
-8.315 -3.444

-8.923 -1.175
-9.000 0.000

-8.923 1.175
-8.693 2.329

-8.693 2.329
-8.315 3.444

-7.794 4.500
-7.140 5.479

-7.140 5.479
-6.364 6.364

-6.364 6.364
-5.479 7.140

-4.500 7.794
-3.444 8.315

-3.444 8.315
-2.329 8.693

-1.175 8.923
0.000 9.000

1.436 10.906
1.305 9.914

4.210 10.163
3.827 9.239

6.696 8.727
6.088 7.934

7.778 7.778
7.071 7.071

10.625 2.847
9.659 2.588

10.906 1.436
9.914 1.305

10.625 -2.847
9.659 -2.588

10.163 -4.210
9.239 -3.827

9.526 -5.500
8.660 -5.000

8.727 -6.696
7.934 -6.088

5.500 -9.526
5.000 -8.660

4.210 -10.163
3.827 -9.239

-4.210 -10.163
-3.827 -9.239

-5.500 -9.526
-5.000 -8.660

-7.778 -7.778
-7.071 -7.071

-9.526 -5.500
-8.660 -5.000

-10.163 -4.210
-9.239 -3.827

-10.625 -2.847
-9.659 -2.588

-11.000 0.000
-10.000 0.000

-7.778 7.778
-7.071 7.071

-1.436 10.906
-1.305 9.914

2.588 9.659
3.827 9.239

3.827 9.239
5.000 8.660

5.000 8.660
6.088 7.934

8.660 5.000
9.239 3.827

10.000 0.000
9.914 -1.305

9.239 -3.827
8.660 -5.000

3.827 -9.239
2.588 -9.659

1.305 -9.914
0.000 -10.000

0.000 -10.000
-1.305 -9.914

-5.000 -8.660
-6.088 -7.934

-6.088 -7.934
-7.071 -7.071

-7.934 -6.088
-8.660 -5.000

-9.914 -1.305
-10.000 0.000

-9.914 1.305
-9.659 2.588

-9.659 2.588
-9.239 3.827

-9.239 3.827
-8.660 5.000

-8.660 5.000
-7.934 6.088

-7.934 6.088
-7.071 7.071

-7.071 7.071
-6.088 7.934

-6.088 7.934
-5.000 8.660

-5.000 8.660
-3.827 9.239

-3.827 9.239
-2.588 9.659

-2.588 9.659
-1.305 9.914

-1.305 9.914
0.000 10.000

0.000 12.000
0.000 11.000

1.566 11.897
1.436 10.906

9.520 7.305
8.727 6.696

10.392 6.000
9.526 5.500

11.087 4.592
10.163 4.210

11.591 3.106
10.625 2.847

12.000 0.000
11.000 0.000

11.897 -1.566
10.906 -1.436

9.520 -7.305
8.727 -6.696

6.000 -10.392
5.500 -9.526

4.592 -11.087
4.210 -10.163

-1.566 -11.897
-1.436 -10.906

-3.106 -11.591
-2.847 -10.625

-6.000 -10.392
-5.500 -9.526

-8.485 -8.485
-7.778 -7.778

-9.520 -7.305
-8.727 -6.696

-10.392 -6.000
-9.526 -5.500

-11.087 -4.592
-10.163 -4.210

-11.591 -3.106
-10.625 -2.847

-11.897 -1.566
-10.906 -1.436

-11.897 1.566
-10.906 1.436

-11.591 3.106
-10.625 2.847

-8.485 8.485
-7.778 7.778

2.847 10.625
4.210 10.163

5.500 9.526
6.696 8.727

6.696 8.727
7.778 7.778

10.906 1.436
11.000 0.000

11.000 0.000
10.906 -1.436

10.625 -2.847
10.163 -4.210

8.727 -6.696
7.778 -7.778

6.696 -8.727
5.500 -9.526

4.210 -10.163
2.847 -10.625

1.436 -10.906
0.000 -11.000

0.000 -11.000
-1.436 -10.906

-1.436 -10.906
-2.847 -10.625

-4.210 -10.163
-5.500 -9.526

-5.500 -9.526
-6.696 -8.727

-7.778 -7.778
-8.727 -6.696

-10.906 -1.436
-11.000 0.000

-11.000 0.000
-10.906 1.436

-10.163 4.210
-9.526 5.500

-9.526 5.500
-8.727 6.696

-8.727 6.696
-7.778 7.778

-7.778 7.778
-6.696 8.727

-6.696 8.727
-5.500 9.526

-5.500 9.526
-4.210 10.163

-4.210 10.163
-2.847 10.625

-1.436 10.906
0.000 11.000

3.365 12.557
3.106 11.591

4.975 12.010
4.592 11.087

6.500 11.258
6.000 10.392

7.914 10.314
7.305 9.520

9.192 9.192
8.485 8.485

10.314 7.914
9.520 7.305

11.258 6.500
10.392 6.000

12.557 3.365
11.591 3.106

12.889 1.697
11.897 1.566

12.557 -3.365
11.591 -3.106

12.010 -4.975
11.087 -4.592

11.258 -6.500
10.392 -6.000

9.192 -9.192
8.485 -8.485

3.365 -12.557
3.106 -11.591

0.000 -13.000
0.000 -12.000

-1.697 -12.889
-1.566 -11.897

-3.365 -12.557
-3.106 -11.591

-7.914 -10.314
-7.305 -9.520

-10.314 -7.914
-9.520 -7.305

-12.010 -4.975
-11.087 -4.592

-12.557 -3.365
-11.591 -3.106

-12.889 1.697
-11.897 1.566

-12.557 3.365
-11.591 3.106

-12.010 4.975
-11.087 4.592

-11.258 6.500
-10.392 6.000

-10.314 7.914
-9.520 7.305

-9.192 9.192
-8.485 8.485

-7.914 10.314
-7.305 9.520

-3.365 12.557
-3.106 11.591

6.000 10.392
7.305 9.520

10.392 6.000
11.087 4.592

11.087 4.592
11.591 3.106

11.591 -3.106
11.087 -4.592

10.392 -6.000
9.520 -7.305

9.520 -7.305
8.485 -8.485

8.485 -8.485
7.305 -9.520

1.566 -11.897
0.000 -12.000

0.000 -12.000
-1.566 -11.897

-3.106 -11.591
-4.592 -11.087

-7.305 -9.520
-8.485 -8.485

-9.520 -7.305
-10.392 -6.000

-10.392 -6.000
-11.087 -4.592

-12.000 0.000
-11.897 1.566

-7.305 9.520
-6.000 10.392

-4.592 11.087
-3.106 11.591

-3.106 11.591
-1.566 11.897

0.000 14.000
0.000 13.000

3.623 13.523
3.365 12.557

7.000 12.124
6.500 11.258

9.899 9.899
9.192 9.192

11.107 8.523
10.314 7.914

12.934 5.358
12.010 4.975

13.880 1.827
12.889 1.697

13.880 -1.827
12.889 -1.697

12.934 -5.358
12.010 -4.975

12.124 -7.000
11.258 -6.500

11.107 -8.523
10.314 -7.914

5.358 -12.934
4.975 -12.010

3.623 -13.523
3.365 -12.557

-5.358 -12.934
-4.975 -12.010

-8.523 -11.107
-7.914 -10.314

-9.899 -9.899
-9.192 -9.192

-11.107 -8.523
-10.314 -7.914

-12.124 -7.000
-11.258 -6.500

-14.000 0.000
-13.000 0.000

-13.880 1.827
-12.889 1.697

-8.523 11.107
-7.914 10.314

-5.358 12.934
-4.975 12.010

0.000 13.000
1.697 12.889

4.975 12.010
6.500 11.258

9.192 9.192
10.314 7.914

10.314 7.914
11.258 6.500

12.010 4.975
12.557 3.365

12.557 3.365
12.889 1.697

12.889 1.697
13.000 0.000

12.889 -1.697
12.557 -3.365

12.010 -4.975
11.258 -6.500

10.314 -7.914
9.192 -9.192

7.914 -10.314
6.500 -11.258

6.500 -11.258
4.975 -12.010

1.697 -12.889
0.000 -13.000

-3.365 -12.557
-4.975 -12.010

-6.500 -11.258
-7.914 -10.314

-10.314 -7.914
-11.258 -6.500

-12.010 -4.975
-12.557 -3.365

-12.557 -3.365
-12.889 -1.697

-12.889 -1.697
-13.000 0.000

-12.889 1.697
-12.557 3.365

-12.557 3.365
-12.010 4.975

-12.010 4.975
-11.258 6.500

-10.314 7.914
-9.192 9.192

-9.192 9.192
-7.914 10.314

-7.914 10.314
-6.500 11.258

-4.975 12.010
-3.365 12.557

-3.365 12.557
-1.697 12.889

0.000 15.000
0.000 14.000

1.958 14.872
1.827 13.880

3.882 14.489
3.623 13.523

9.131 11.900
8.523 11.107

10.607 10.607
9.899 9.899

11.900 9.131
11.107 8.523

12.990 7.500
12.124 7.000

15.000 0.000
14.000 0.000

14.872 -1.958
13.880 -1.827

13.858 -5.740
12.934 -5.358

7.500 -12.990
7.000 -12.124

5.740 -13.858
5.358 -12.934

3.882 -14.489
3.623 -13.523

1.958 -14.872
1.827 -13.880

0.000 -15.000
0.000 -14.000

-3.882 -14.489
-3.623 -13.523

-5.740 -13.858
-5.358 -12.934

-9.131 -11.900
-8.523 -11.107

-14.872 1.958
-13.880 1.827

-14.489 3.882
-13.523 3.623

-11.900 9.131
-11.107 8.523

-9.131 11.900
-8.523 11.107

-7.500 12.990
-7.000 12.124

-3.882 14.489
-3.623 13.523

-1.958 14.872
-1.827 13.880

3.623 13.523
5.358 12.934

5.358 12.934
7.000 12.124

12.934 5.358
13.523 3.623

13.880 1.827
14.000 0.000

13.880 -1.827
13.523 -3.623

11.107 -8.523
9.899 -9.899

8.523 -11.107
7.000 -12.124

0.000 -14.000
-1.827 -13.880

-3.623 -13.523
-5.358 -12.934

-5.358 -12.934
-7.000 -12.124

-7.000 -12.124
-8.523 -11.107

-9.899 -9.899
-11.107 -8.523

-12.934 -5.358
-13.523 -3.623

-13.523 -3.623
-13.880 -1.827

-13.880 -1.827
-14.000 0.000

-14.000 0.000
-13.880 1.827

-13.880 1.827
-13.523 3.623

-13.523 3.623
-12.934 5.358

-12.124 7.000
-11.107 8.523

-11.107 8.523
-9.899 9.899

-9.899 9.899
-8.523 11.107

-5.358 12.934
-3.623 13.523

0.000 16.000
0.000 15.000

4.141 15.455
3.882 14.489

9.740 12.694
9.131 11.900

14.782 6.123
13.858 5.740

15.863 2.088
14.872 1.958

16.000 0.000
15.000 0.000

12.694 -9.740
11.900 -9.131

11.314 -11.314
10.607 -10.607

6.123 -14.782
5.740 -13.858

-2.088 -15.863
-1.958 -14.872

-11.314 -11.314
-10.607 -10.607

-12.694 -9.740
-11.900 -9.131

-15.455 -4.141
-14.489 -3.882

-15.863 -2.088
-14.872 -1.958

-16.000 0.000
-15.000 0.000

-15.455 4.141
-14.489 3.882

-14.782 6.123
-13.858 5.740

-13.856 8.000
-12.990 7.500

-12.694 9.740
-11.900 9.131

-9.740 12.694
-9.131 11.900

-6.123 14.782
-5.740 13.858

-4.141 15.455
-3.882 14.489

-2.088 15.863
-1.958 14.872

0.000 15.000
1.958 14.872

3.882 14.489
5.740 13.858

7.500 12.990
9.131 11.900

9.131 11.900
10.607 10.607

11.900 9.131
12.990 7.500

12.990 7.500
13.858 5.740

13.858 5.740
14.489 3.882

14.872 1.958
15.000 0.000

14.872 -1.958
14.489 -3.882

13.858 -5.740
12.990 -7.500

11.900 -9.131
10.607 -10.607

9.131 -11.900
7.500 -12.990

7.500 -12.990
5.740 -13.858

5.740 -13.858
3.882 -14.489

3.882 -14.489
1.958 -14.872

1.958 -14.872
0.000 -15.000

0.000 -15.000
-1.958 -14.872

-7.500 -12.990
-9.131 -11.900

-10.607 -10.607
-11.900 -9.131

-11.900 -9.131
-12.990 -7.500

-13.858 -5.740
-14.489 -3.882

-14.872 -1.958
-15.000 0.000

-13.858 5.740
-12.990 7.500

-11.900 9.131
-10.607 10.607

-9.131 11.900
-7.500 12.990

-5.740 13.858
-3.882 14.489

1.112 16.964
1.046 15.966

3.317 16.673
3.121 15.693

6.506 15.706
6.123 14.782

9.445 14.135
8.889 13.304

10.349 13.487
9.740 12.694

11.209 12.781
10.550 12.029

12.781 11.209
12.029 10.550

13.487 10.349
12.694 9.740

14.135 9.445
13.304 8.889

14.722 8.500
13.856 8.000

16.964 1.112
15.966 1.046

16.964 -1.112
15.966 -1.046

16.855 -2.219
15.863 -2.088

16.098 -5.464
15.151 -5.143

15.247 -7.519
14.350 -7.077

14.135 -9.445
13.304 -8.889

12.781 -11.209
12.029 -10.550

11.209 -12.781
10.550 -12.029

10.349 -13.487
9.740 -12.694

6.506 -15.706
6.123 -14.782

5.464 -16.098
5.143 -15.151

4.400 -16.421
4.141 -15.455

3.317 -16.673
3.121 -15.693

1.112 -16.964
1.046 -15.966

-1.112 -16.964
-1.046 -15.966

-3.317 -16.673
-3.121 -15.693

-4.400 -16.421
-4.141 -15.455

-5.464 -16.098
-5.143 -15.151

-7.519 -15.247
-7.077 -14.350

-8.500 -14.722
-8.000 -13.856

-9.445 -14.135
-8.889 -13.304

-10.349 -13.487
-9.740 -12.694

-14.135 -9.445
-13.304 -8.889

-14.722 -8.500
-13.856 -8.000

-15.247 -7.519
-14.350 -7.077

-16.421 -4.400
-15.455 -4.141

-17.000 0.000
-16.000 0.000

-16.964 1.112
-15.966 1.046

-16.855 2.219
-15.863 2.088

-16.673 3.317
-15.693 3.121

-16.098 5.464
-15.151 5.143

-14.135 9.445
-13.304 8.889

-12.781 11.209
-12.029 10.550

-12.021 12.021
-11.314 11.314

-9.445 14.135
-8.889 13.304

-7.519 15.247
-7.077 14.350

-5.464 16.098
-5.143 15.151

-3.317 16.673
-3.121 15.693

-2.219 16.855
-2.088 15.863

1.046 15.966
2.088 15.863

3.121 15.693
4.141 15.455

5.143 15.151
6.123 14.782

6.123 14.782
7.077 14.350

8.000 13.856
8.889 13.304

8.889 13.304
9.740 12.694

10.550 12.029
11.314 11.314

11.314 11.314
12.029 10.550

12.029 10.550
12.694 9.740

12.694 9.740
13.304 8.889

13.304 8.889
13.856 8.000

13.856 8.000
14.350 7.077

14.782 6.123
15.151 5.143

15.151 5.143
15.455 4.141

15.455 4.141
15.693 3.121

15.863 2.088
15.966 1.046

15.966 -1.046
15.863 -2.088

15.693 -3.121
15.455 -4.141

15.455 -4.141
15.151 -5.143

14.782 -6.123
14.350 -7.077

13.856 -8.000
13.304 -8.889

12.029 -10.550
11.314 -11.314

9.740 -12.694
8.889 -13.304

8.000 -13.856
7.077 -14.350

7.077 -14.350
6.123 -14.782

5.143 -15.151
4.141 -15.455

3.121 -15.693
2.088 -15.863

0.000 -16.000
-1.046 -15.966

-1.046 -15.966
-2.088 -15.863

-5.143 -15.151
-6.123 -14.782

-10.550 -12.029
-11.314 -11.314

-12.029 -10.550
-12.694 -9.740

-12.694 -9.740
-13.304 -8.889

-13.856 -8.000
-14.350 -7.077

-14.782 -6.123
-15.151 -5.143

-15.151 -5.143
-15.455 -4.141

-15.455 -4.141
-15.693 -3.121

-15.863 -2.088
-15.966 -1.046

-16.000 0.000
-15.966 1.046

-15.693 3.121
-15.455 4.141

-15.151 5.143
-14.782 6.123

-14.350 7.077
-13.856 8.000

-13.304 8.889
-12.694 9.740

-10.550 12.029
-9.740 12.694

-8.000 13.856
-7.077 14.350

-5.143 15.151
-4.141 15.455

-4.141 15.455
-3.121 15.693

-2.088 15.863
-1.046 15.966

-1.046 15.966
0.000 16.000

1.177 17.961
1.112 16.964

3.512 17.654
3.317 16.673

6.888 16.630
6.506 15.706

7.961 16.144
7.519 15.247

9.000 15.588
8.500 14.722

10.958 14.280
10.349 13.487

11.868 13.533
11.209 12.781

13.533 11.868
12.781 11.209

15.588 9.000
14.722 8.500

16.144 7.961
15.247 7.519

16.630 6.888
15.706 6.506

17.961 -1.177
16.964 -1.112

17.846 -2.349
16.855 -2.219

17.654 -3.512
16.673 -3.317

15.588 -9.000
14.722 -8.500

14.966 -10.000
14.135 -9.445

14.280 -10.958
13.487 -10.349

13.533 -11.868
12.781 -11.209

7.961 -16.144
7.519 -15.247

2.349 -17.846
2.219 -16.855

1.177 -17.961
1.112 -16.964

0.000 -18.000
0.000 -17.000

-1.177 -17.961
-1.112 -16.964

-2.349 -17.846
-2.219 -16.855

-3.512 -17.654
-3.317 -16.673

-9.000 -15.588
-8.500 -14.722

-10.958 -14.280
-10.349 -13.487

-11.868 -13.533
-11.209 -12.781

-12.728 -12.728
-12.021 -12.021

-13.533 -11.868
-12.781 -11.209

-17.654 -3.512
-16.673 -3.317

-17.846 -2.349
-16.855 -2.219

-17.846 2.349
-16.855 2.219

-17.654 3.512
-16.673 3.317

-17.387 4.659
-16.421 4.400

-17.045 5.786
-16.098 5.464

-16.630 6.888
-15.706 6.506

-14.280 10.958
-13.487 10.349

-11.868 13.533
-11.209 12.781

-7.961 16.144
-7.519 15.247

-6.888 16.630
-6.506 15.706

-5.786 17.045
-5.464 16.098

0.000 17.000
1.112 16.964

1.112 16.964
2.219 16.855

3.317 16.673
4.400 16.421

5.464 16.098
6.506 15.706

8.500 14.722
9.445 14.135

10.349 13.487
11.209 12.781

12.021 12.021
12.781 11.209

14.722 8.500
15.247 7.519

15.247 7.519
15.706 6.506

15.706 6.506
16.098 5.464

16.098 5.464
16.421 4.400

16.421 4.400
16.673 3.317

16.855 2.219
16.964 1.112

16.964 1.112
17.000 0.000

17.000 0.000
16.964 -1.112

16.421 -4.400
16.098 -5.464

16.098 -5.464
15.706 -6.506

15.706 -6.506
15.247 -7.519

15.247 -7.519
14.722 -8.500

14.722 -8.500
14.135 -9.445

14.135 -9.445
13.487 -10.349

12.781 -11.209
12.021 -12.021

12.021 -12.021
11.209 -12.781

10.349 -13.487
9.445 -14.135

9.445 -14.135
8.500 -14.722

8.500 -14.722
7.519 -15.247

4.400 -16.421
3.317 -16.673

3.317 -16.673
2.219 -16.855

2.219 -16.855
1.112 -16.964

-3.317 -16.673
-4.400 -16.421

-4.400 -16.421
-5.464 -16.098

-5.464 -16.098
-6.506 -15.706

-7.519 -15.247
-8.500 -14.722

-8.500 -14.722
-9.445 -14.135

-12.781 -11.209
-13.487 -10.349

-13.487 -10.349
-14.135 -9.445

-15.247 -7.519
-15.706 -6.506

-15.706 -6.506
-16.098 -5.464

-16.098 -5.464
-16.421 -4.400

-16.421 -4.400
-16.673 -3.317

-16.964 -1.112
-17.000 0.000

-16.964 1.112
-16.855 2.219

-16.673 3.317
-16.421 4.400

-15.706 6.506
-15.247 7.519

-14.722 8.500
-14.135 9.445

-14.135 9.445
-13.487 10.349

-13.487 10.349
-12.781 11.209

-12.781 11.209
-12.021 12.021

-11.209 12.781
-10.349 13.487

-9.445 14.135
-8.500 14.722

-8.500 14.722
-7.519 15.247

-5.464 16.098
-4.400 16.421

-3.317 16.673
-2.219 16.855

-2.219 16.855
-1.112 16.964

1.243 18.959
1.177 17.961

2.480 18.837
2.349 17.846

6.107 17.992
5.786 17.045

7.271 17.554
6.888 16.630

9.500 16.454
9.000 15.588

15.798 10.556
14.966 10.000

17.992 6.107
17.045 5.786

18.353 4.918
17.387 4.659

18.635 3.707
17.654 3.512

18.959 1.243
17.961 1.177

19.000 0.000
18.000 0.000

18.635 -3.707
17.654 -3.512

18.353 -4.918
17.387 -4.659

17.041 -8.403
16.144 -7.961

16.454 -9.500
15.588 -9.000

11.566 -15.074
10.958 -14.280

10.556 -15.798
10.000 -14.966

9.500 -16.454
9.000 -15.588

7.271 -17.554
6.888 -16.630

6.107 -17.992
5.786 -17.045

3.707 -18.635
3.512 -17.654

2.480 -18.837
2.349 -17.846

1.243 -18.959
1.177 -17.961

0.000 -19.000
0.000 -18.000

-2.480 -18.837
-2.349 -17.846

-3.707 -18.635
-3.512 -17.654

-4.918 -18.353
-4.659 -17.387

-7.271 -17.554
-6.888 -16.630

-8.403 -17.041
-7.961 -16.144

-11.566 -15.074
-10.958 -14.280

-12.528 -14.285
-11.868 -13.533

-14.285 -12.528
-13.533 -11.868

-15.798 -10.556
-14.966 -10.000

-16.454 -9.500
-15.588 -9.000

-17.041 -8.403
-16.144 -7.961

-17.554 -7.271
-16.630 -6.888

-18.635 -3.707
-17.654 -3.512

-19.000 0.000
-18.000 0.000

-18.959 1.243
-17.961 1.177

-18.837 2.480
-17.846 2.349

-17.992 6.107
-17.045 5.786

-17.554 7.271
-16.630 6.888

-16.454 9.500
-15.588 9.000

-15.074 11.566
-14.280 10.958

-14.285 12.528
-13.533 11.868

-13.435 13.435
-12.728 12.728

-11.566 15.074
-10.958 14.280

-9.500 16.454
-9.000 15.588

-6.107 17.992
-5.786 17.045

-2.480 18.837
-2.349 17.846

-1.243 18.959
-1.177 17.961

0.000 18.000
1.177 17.961

1.177 17.961
2.349 17.846

3.512 17.654
4.659 17.387

4.659 17.387
5.786 17.045

7.961 16.144
9.000 15.588

9.000 15.588
10.000 14.966

11.868 13.533
12.728 12.728

13.533 11.868
14.280 10.958

17.045 5.786
17.387 4.659

17.387 4.659
17.654 3.512

17.846 2.349
17.961 1.177

17.961 1.177
18.000 0.000

17.045 -5.786
16.630 -6.888

16.630 -6.888
16.144 -7.961

16.144 -7.961
15.588 -9.000

14.280 -10.958
13.533 -11.868

13.533 -11.868
12.728 -12.728

12.728 -12.728
11.868 -13.533

11.868 -13.533
10.958 -14.280

10.000 -14.966
9.000 -15.588

9.000 -15.588
7.961 -16.144

4.659 -17.387
3.512 -17.654

0.000 -18.000
-1.177 -17.961

-4.659 -17.387
-5.786 -17.045

-7.961 -16.144
-9.000 -15.588

-10.000 -14.966
-10.958 -14.280

-10.958 -14.280
-11.868 -13.533

-12.728 -12.728
-13.533 -11.868

-13.533 -11.868
-14.280 -10.958

-14.280 -10.958
-14.966 -10.000

-16.144 -7.961
-16.630 -6.888

-16.630 -6.888
-17.045 -5.786

-17.387 -4.659
-17.654 -3.512

-17.846 -2.349
-17.961 -1.177

-17.961 -1.177
-18.000 0.000

-17.846 2.349
-17.654 3.512

-17.387 4.659
-17.045 5.786

-16.630 6.888
-16.144 7.961

-14.966 10.000
-14.280 10.958

-13.533 11.868
-12.728 12.728

-11.868 13.533
-10.958 14.280

-10.000 14.966
-9.000 15.588

-9.000 15.588
-7.961 16.144

-6.888 16.630
-5.786 17.045

-5.786 17.045
-4.659 17.387

-3.512 17.654
-2.349 17.846

7.654 18.478
7.271 17.554

8.846 17.937
8.403 17.041

10.000 17.321
9.500 16.454

13.187 15.037
12.528 14.285

14.142 14.142
13.435 13.435

15.037 13.187
14.285 12.528

16.629 11.111
15.798 10.556

17.321 10.000
16.454 9.500

18.478 7.654
17.554 7.271

19.957 -1.308
18.959 -1.243

19.829 -2.611
18.837 -2.480

19.616 -3.902
18.635 -3.707

15.867 -12.175
15.074 -11.566

15.037 -13.187
14.285 -12.528

13.187 -15.037
12.528 -14.285

7.654 -18.478
7.271 -17.554

5.176 -19.319
4.918 -18.353

1.308 -19.957
1.243 -18.959

-1.308 -19.957
-1.243 -18.959

-2.611 -19.829
-2.480 -18.837

-3.902 -19.616
-3.707 -18.635

-7.654 -18.478
-7.271 -17.554

-10.000 -17.321
-9.500 -16.454

-11.111 -16.629
-10.556 -15.798

-15.867 -12.175
-15.074 -11.566

-19.319 -5.176
-18.353 -4.918

-19.616 -3.902
-18.635 -3.707

-19.957 -1.308
-18.959 -1.243

-19.829 2.611
-18.837 2.480

-19.616 3.902
-18.635 3.707

-17.937 8.846
-17.041 8.403

-17.321 10.000
-16.454 9.500

-15.867 12.175
-15.074 11.566

-15.037 13.187
-14.285 12.528

-12.175 15.867
-11.566 15.074

-11.111 16.629
-10.556 15.798

-10.000 17.321
-9.500 16.454

-8.846 17.937
-8.403 17.041

-5.176 19.319
-4.918 18.353

0.000 19.000
1.243 18.959

3.707 18.635
4.918 18.353

4.918 18.353
6.107 17.992

6.107 17.992
7.271 17.554

9.500 16.454
10.556 15.798

10.556 15.798
11.566 15.074

15.074 11.566
15.798 10.556

16.454 9.500
17.041 8.403

17.554 7.271
17.992 6.107

18.635 3.707
18.837 2.480

18.837 2.480
18.959 1.243

18.635 -3.707
18.353 -4.918

17.992 -6.107
17.554 -7.271

17.554 -7.271
17.041 -8.403

15.798 -10.556
15.074 -11.566

14.285 -12.528
13.435 -13.435

12.528 -14.285
11.566 -15.074

9.500 -16.454
8.403 -17.041

8.403 -17.041
7.271 -17.554

6.107 -17.992
4.918 -18.353

4.918 -18.353
3.707 -18.635

0.000 -19.000
-1.243 -18.959

-3.707 -18.635
-4.918 -18.353

-6.107 -17.992
-7.271 -17.554

-8.403 -17.041
-9.500 -16.454

-10.556 -15.798
-11.566 -15.074

-13.435 -13.435
-14.285 -12.528

-15.798 -10.556
-16.454 -9.500

-16.454 -9.500
-17.041 -8.403

-17.554 -7.271
-17.992 -6.107

-17.992 -6.107
-18.353 -4.918

-18.837 -2.480
-18.959 -1.243

-18.959 -1.243
-19.000 0.000

-18.959 1.243
-18.837 2.480

-18.635 3.707
-18.353 4.918

-17.992 6.107
-17.554 7.271

-16.454 9.500
-15.798 10.556

-12.528 14.285
-11.566 15.074

-7.271 17.554
-6.107 17.992

-6.107 17.992
-4.918 18.353

-4.918 18.353
-3.707 18.635

-3.707 18.635
-2.480 18.837

-2.480 18.837
-1.243 18.959

-1.243 18.959
0.000 19.000

0.000 20.000
1.308 19.957

1.308 19.957
2.611 19.829

2.611 19.829
3.902 19.616

3.902 19.616
5.176 19.319

5.176 19.319
6.429 18.939

6.429 18.939
7.654 18.478

7.654 18.478
8.846 17.937

8.846 17.937
10.000 17.321

10.000 17.321
11.111 16.629

11.111 16.629
12.175 15.867

12.175 15.867
13.187 15.037

13.187 15.037
14.142 14.142

14.142 14.142
15.037 13.187

15.037 13.187
15.867 12.175

15.867 12.175
16.629 11.111

16.629 11.111
17.321 10.000

17.321 10.000
17.937 8.846

17.937 8.846
18.478 7.654

18.478 7.654
18.939 6.429

18.939 6.429
19.319 5.176

19.319 5.176
19.616 3.902

19.616 3.902
19.829 2.611

19.829 2.611
19.957 1.308

19.957 1.308
20.000 0.000

20.000 0.000
19.957 -1.308

19.957 -1.308
19.829 -2.611

19.829 -2.611
19.616 -3.902

19.616 -3.902
19.319 -5.176

19.319 -5.176
18.939 -6.429

18.939 -6.429
18.478 -7.654

18.478 -7.654
17.937 -8.846

17.937 -8.846
17.321 -10.000

17.321 -10.000
16.629 -11.111

16.629 -11.111
15.867 -12.175

15.867 -12.175
15.037 -13.187

15.037 -13.187
14.142 -14.142

14.142 -14.142
13.187 -15.037

13.187 -15.037
12.175 -15.867

12.175 -15.867
11.111 -16.629

11.111 -16.629
10.000 -17.321

10.000 -17.321
8.846 -17.937

8.846 -17.937
7.654 -18.478

7.654 -18.478
6.429 -18.939

6.429 -18.939
5.176 -19.319

5.176 -19.319
3.902 -19.616

3.902 -19.616
2.611 -19.829

2.611 -19.829
1.308 -19.957

1.308 -19.957
0.000 -20.000

0.000 -20.000
-1.308 -19.957

-1.308 -19.957
-2.611 -19.829

-2.611 -19.829
-3.902 -19.616

-3.902 -19.616
-5.176 -19.319

-5.176 -19.319
-6.429 -18.939

-6.429 -18.939
-7.654 -18.478

-7.654 -18.478
-8.846 -17.937

-8.846 -17.937
-10.000 -17.321

-10.000 -17.321
-11.111 -16.629

-11.111 -16.629
-12.175 -15.867

-12.175 -15.867
-13.187 -15.037

-13.187 -15.037
-14.142 -14.142

-14.142 -14.142
-15.037 -13.187

-15.037 -13.187
-15.867 -12.175

-15.867 -12.175
-16.629 -11.111

-16.629 -11.111
-17.321 -10.000

-17.321 -10.000
-17.937 -8.846

-17.937 -8.846
-18.478 -7.654

-18.478 -7.654
-18.939 -6.429

-18.939 -6.429
-19.319 -5.176

-19.319 -5.176
-19.616 -3.902

-19.616 -3.902
-19.829 -2.611

-19.829 -2.611
-19.957 -1.308

-19.957 -1.308
-20.000 0.000

-20.000 0.000
-19.957 1.308

-19.957 1.308
-19.829 2.611

-19.829 2.611
-19.616 3.902

-19.616 3.902
-19.319 5.176

-19.319 5.176
-18.939 6.429

-18.939 6.429
-18.478 7.654

-18.478 7.654
-17.937 8.846

-17.937 8.846
-17.321 10.000

-17.321 10.000
-16.629 11.111

-16.629 11.111
-15.867 12.175

-15.867 12.175
-15.037 13.187

-15.037 13.187
-14.142 14.142

-14.142 14.142
-13.187 15.037

-13.187 15.037
-12.175 15.867

-12.175 15.867
-11.111 16.629

-11.111 16.629
-10.000 17.321

-10.000 17.321
-8.846 17.937

-8.846 17.937
-7.654 18.478

-7.654 18.478
-6.429 18.939

-6.429 18.939
-5.176 19.319

-5.176 19.319
-3.902 19.616

-3.902 19.616
-2.611 19.829

-2.611 19.829
-1.308 19.957

-1.308 19.957
0.000 20.000

